31 570
32 571
33 514
34 516
35 517
36 518
37 461
38 462
39 464
40 465
41 466
42 409
43 410
44 412
45 413
46 414
47 416
48 358
49 359
50 361
51 363
52 364
53 366
54 367
55 307
56 309
57 311
58 313
59 315
60 317
61 319
62 320
63 322
64 260
65 262
66 265
67 267
68 269
69 272
70 274
71 276
72 279
73 281
74 213
75 216
76 219
77 222
78 225
79 229
80 232
81 235
82 239
83 242
84 245
85 248
86 251
87 253
88 178
89 183
90 188
91 194
92 199
93 205
94 212
95 218
96 224
97 229
98 233
99 237
100 239
101 155
102 172
103 192
104 214
105 233
106 247
107 259
108 269
109 278
110 286
111 294
112 301
113 308
114 315
115 321
116 328
117 334
118 340
119 346
120 352
121 357
122 363
123 369
124 374
125 379
126 385
127 390
128 395
129 400
130 406
131 411
132 416
133 421
134 426
135 430
136 435
137 440
138 445
139 450
140 455
141 459
142 464
143 469
144 474
145 478
146 483
147 488
148 492
149 497
150 502
151 506
152 511
153 515
154 520
155 524
156 529
157 533
158 538
159 542
160 546
161 551
162 555
163 560
164 564
165 568
166 573
167 577
168 581
169 586
170 590
171 594
172 598
173 603
174 607
175 611
176 616
177 620
178 624
179 629
180 633
181 637
182 641
183 646
184 650
185 654
186 659
187 663
188 667
189 671
190 676
191 680
192 684
193 688
194 692
195 697
196 701
197 705
198 709
199 713
200 718
