0.3 3331
0.4 2464
0.5 1948
0.6 1606
0.7 1358
0.8 1170
0.9 1023
1 907
1.1 812
1.2 731
1.3 661
1.4 601
1.5 548
1.6 502
1.7 459
1.8 420
1.9 383
2 347
2.1 310
2.2 266
2.3 206
2.4 267
2.5 257
2.6 243
2.7 228
2.8 213
2.9 200
3 188
3.1 178
3.2 245
3.3 239
3.4 232
3.5 226
3.6 219
3.7 213
3.8 208
3.9 202
4 197
4.1 192
4.2 243
4.3 239
4.4 236
4.5 232
4.6 229
4.7 225
4.8 222
4.9 219
5 215
5.1 212
6.1 231
7.1 246
8.1 231
9.1 249
10.1 240
11.1 259
12.1 253
13.1 247
14.1 266
15.1 261
16.1 257
17.1 254
18.1 251
19.1 249
20.1 269
21.1 267
22.1 266
23.1 285
24.1 284
25.1 264
26.1 283
27.1 283
28.1 302
29.1 302
30.1 303
31.1 320
32.1 321
33.1 269
34.1 305
35.1 340
36.1 341
37.1 326
38.1 344
39.1 360
40.1 345
41.1 363
42.1 348
43.1 378
44.1 365
45.1 323
46.1 385
47.1 386
48.1 387
49.1 404
50.1 408
55.1 437
60.1 447
65.1 446
70.1 518
75.1 509
80.1 554
85.1 586
90.1 594
95.1 647
100.1 676
