1.501 429
1.502 428
1.503 428
1.504 427
1.505 427
1.506 426
1.507 426
1.508 425
1.509 425
1.51 424
1.511 424
1.512 423
1.513 423
1.514 422
1.515 422
1.516 421
1.517 421
1.518 421
1.519 420
1.52 419
1.521 419
1.522 418
1.523 418
1.524 417
1.525 417
1.526 416
1.527 416
1.528 415
1.529 415
1.53 414
1.531 414
1.532 413
1.533 413
1.534 412
1.535 412
1.536 411
1.537 411
1.538 410
1.539 410
1.54 409
1.541 409
1.542 408
1.543 408
1.544 407
1.545 407
1.546 406
1.547 406
1.548 405
1.549 405
1.55 404
1.551 403
1.552 403
1.553 402
1.554 402
1.555 401
1.556 401
1.557 401
1.558 400
1.559 399
1.56 399
1.561 398
1.562 398
1.563 397
1.564 397
1.565 396
1.566 396
1.567 395
1.568 395
1.569 394
1.57 394
1.571 393
1.572 393
1.573 392
1.574 392
1.575 391
1.576 391
1.577 390
1.578 389
1.579 389
1.58 389
1.581 388
1.582 388
1.583 387
1.584 386
1.585 386
1.586 385
1.587 385
1.588 384
1.589 384
1.59 383
1.591 383
1.592 382
1.593 382
1.594 381
1.595 381
1.596 380
1.597 380
1.598 379
1.599 379
1.6 378
1.601 378
1.602 377
1.603 377
1.604 376
1.605 376
1.606 375
1.60701 374
1.60801 374
1.60901 373
1.61001 373
1.61101 372
1.61201 372
1.61301 371
1.61401 371
1.61501 370
1.61601 370
1.61701 369
1.61801 369
1.61901 368
1.62001 368
1.62101 367
1.62201 366
1.62301 366
1.62401 365
1.62501 365
1.62601 365
1.62701 364
1.62801 363
1.62901 363
1.63001 362
1.63101 362
1.63201 361
1.63301 360
1.63401 360
1.63501 359
1.63601 359
1.63701 358
1.63801 358
1.63901 357
1.64001 357
1.64101 356
1.64201 356
1.64301 355
1.64401 355
1.64501 354
1.64601 353
1.64701 353
1.64801 352
1.64901 352
1.65001 351
1.65101 351
1.65201 350
1.65301 350
1.65401 349
1.65501 348
1.65601 348
1.65701 347
1.65801 347
1.65901 346
1.66001 346
1.66101 345
1.66201 344
1.66301 344
1.66401 343
1.66501 343
1.66601 342
1.66701 341
1.66801 341
1.66901 340
1.67001 340
1.67101 339
1.67201 338
1.67301 338
1.67401 337
1.67501 337
1.67601 336
1.67701 335
1.67801 335
1.67901 334
1.68001 334
1.68101 333
1.68201 332
1.68301 332
1.68401 331
1.68501 331
1.68601 330
1.68701 329
1.68801 329
1.68901 328
1.69001 327
1.69101 327
1.69201 326
1.69301 325
1.69401 325
1.69501 324
1.69601 323
1.69701 323
1.69801 322
1.69901 322
1.70001 321
1.70101 320
1.70201 320
1.70301 319
1.70401 318
1.70501 318
1.70601 317
1.70701 316
1.70801 315
1.70901 315
1.71001 314
1.71101 313
1.71201 313
1.71301 312
1.71401 311
1.71501 310
1.71601 310
1.71701 309
1.71801 308
1.71901 308
1.72001 307
1.72101 306
1.72201 305
1.72301 305
1.72401 304
1.72501 303
1.72601 302
1.72701 302
1.72801 301
1.72901 300
1.73001 299
1.73101 299
1.73201 298
1.73301 297
1.73401 296
1.73501 295
1.73601 295
1.73701 294
1.73801 293
1.73901 292
1.74001 291
1.74101 290
1.74201 290
1.74301 289
1.74401 288
1.74501 287
1.74601 286
1.74701 286
1.74801 285
1.74901 284
1.75001 283
1.75101 282
1.75201 281
1.75301 280
1.75401 279
1.75501 279
1.75601 278
1.75701 277
1.75801 276
1.75901 275
1.76001 274
1.76101 273
1.76201 272
1.76301 272
1.76401 270
1.76501 270
1.76601 269
1.76701 268
1.76801 267
1.76901 266
1.77001 265
1.77101 264
1.77201 263
1.77301 262
1.77401 262
1.77501 261
1.77601 260
1.77701 259
1.77801 258
1.77901 257
1.78001 256
1.78101 255
1.78201 254
1.78301 253
1.78401 253
1.78501 252
1.78601 251
1.78701 250
1.78801 249
1.78901 248
1.79001 247
1.79101 246
1.79201 246
1.79301 245
1.79401 244
1.79501 243
1.79601 242
1.79701 241
1.79801 240
1.79901 240
1.80001 239
1.80101 238
1.80201 237
1.80301 236
1.80401 235
1.80501 235
1.80601 234
1.80701 233
1.80801 232
1.80901 231
1.81001 231
1.81101 230
1.81201 229
1.81301 228
1.81401 228
1.81501 227
1.81601 226
1.81701 225
1.81801 225
1.81901 224
1.82001 223
1.82102 222
1.82202 222
1.82302 221
1.82402 220
1.82502 220
1.82602 219
1.82702 218
1.82802 217
1.82902 217
1.83002 216
1.83102 215
1.83202 215
1.83302 214
1.83402 213
1.83502 213
1.83602 212
1.83702 211
1.83802 211
1.83902 210
1.84002 209
1.84102 209
1.84202 208
1.84302 208
1.84402 207
1.84502 206
1.84602 206
1.84702 205
1.84802 205
1.84902 204
1.85002 203
1.85102 203
1.85202 202
1.85302 202
1.85402 201
1.85502 200
1.85602 200
1.85702 199
1.85802 199
1.85902 198
1.86002 303
1.86102 197
1.86202 303
1.86302 303
1.86402 195
1.86502 303
1.86602 303
1.86702 303
1.86802 303
1.86902 303
1.87002 303
1.87102 302
1.87202 303
1.87302 303
1.87402 302
1.87502 302
1.87602 302
1.87702 302
1.87802 302
1.87902 302
1.88002 302
1.88102 302
1.88202 302
1.88302 302
1.88402 302
1.88502 302
1.88602 302
1.88702 301
1.88802 301
1.88902 301
1.89002 301
1.89102 301
1.89202 301
1.89302 301
1.89402 301
1.89502 301
1.89602 300
1.89702 300
1.89802 300
1.89902 300
1.90002 300
1.90102 300
1.90202 300
1.90302 300
1.90402 299
1.90502 299
1.90602 299
1.90702 299
1.90802 299
1.90902 299
1.91002 299
1.91102 299
1.91202 299
1.91302 298
1.91402 298
1.91502 298
1.91602 298
1.91702 298
1.91802 298
1.91902 298
1.92002 297
1.92102 297
1.92202 297
1.92302 297
1.92402 297
1.92502 297
1.92602 296
1.92702 296
1.92802 296
1.92902 296
1.93002 296
1.93102 296
1.93202 296
1.93302 296
1.93402 295
1.93502 295
1.93602 295
1.93702 295
1.93802 295
1.93902 295
1.94002 294
1.94102 294
1.94202 294
1.94302 294
1.94402 294
1.94502 294
1.94602 293
1.94702 293
1.94802 293
1.94902 293
1.95002 293
1.95102 292
1.95202 292
1.95302 292
1.95402 292
1.95502 292
1.95602 292
1.95702 291
1.95802 291
1.95902 291
1.96002 291
1.96102 291
1.96202 291
1.96302 290
1.96402 290
1.96502 290
1.96602 290
1.96702 290
1.96802 290
1.96902 289
1.97002 289
1.97102 289
1.97202 289
1.97302 289
1.97402 288
1.97502 288
1.97602 288
1.97702 288
1.97802 288
1.97902 287
1.98002 287
1.98102 287
1.98202 287
1.98302 287
1.98402 286
1.98502 286
1.98602 286
1.98702 286
1.98802 286
1.98902 286
1.99002 285
1.99102 285
1.99202 285
1.99302 285
1.99402 285
1.99502 284
1.99602 284
1.99702 284
1.99802 284
1.99902 284
2.00002 283
2.00102 283
2.00202 283
2.00302 283
2.00402 282
2.00502 282
2.00602 282
2.00702 282
2.00802 282
2.00902 282
2.01002 281
2.01102 281
2.01202 281
2.01302 281
2.01402 280
2.01502 280
2.01602 280
2.01702 280
2.01802 280
2.01902 279
2.02002 279
2.02102 279
2.02202 279
2.02302 279
2.02402 278
2.02502 278
2.02602 278
2.02702 278
2.02802 278
2.02902 277
2.03002 277
2.03102 277
2.03202 277
2.03302 277
2.03402 276
2.03502 276
2.03602 276
2.03702 276
2.03802 275
2.03902 275
2.04002 275
2.04102 275
2.04202 275
2.04302 274
2.04402 274
2.04502 274
2.04602 274
2.04702 274
2.04802 273
2.04902 273
2.05002 273
2.05102 273
2.05202 272
2.05302 272
2.05402 272
2.05502 272
2.05602 272
2.05702 271
2.05802 271
2.05902 271
2.06002 271
2.06102 270
2.06202 270
2.06302 270
2.06402 270
2.06502 270
2.06602 269
2.06702 269
2.06802 269
2.06902 269
2.07002 268
2.07102 268
2.07202 268
2.07302 268
2.07402 268
2.07502 267
2.07602 267
2.07702 267
2.07802 267
2.07902 266
2.08002 266
2.08102 266
2.08202 266
2.08302 266
2.08402 265
2.08502 265
2.08602 265
2.08702 265
2.08802 264
2.08902 264
2.09002 264
2.09102 264
2.09202 264
2.09302 263
2.09402 263
2.09502 263
2.09602 263
2.09702 262
2.09802 262
2.09902 262
2.10002 262
2.10102 262
2.10202 261
2.10302 261
2.10402 261
2.10502 261
2.10602 260
2.10702 260
2.10802 260
2.10902 260
2.11002 260
2.11102 259
2.11202 259
2.11302 259
2.11402 259
2.11502 258
2.11601 258
2.11701 258
2.11801 258
2.11901 258
2.12001 257
2.12101 257
2.12201 257
2.12301 257
2.12401 257
2.12501 256
2.12601 256
2.12701 256
2.12801 256
2.12901 255
2.13001 255
2.13101 255
2.13201 255
2.13301 255
2.13401 254
2.13501 254
2.13601 254
2.13701 254
2.13801 253
2.13901 253
2.14001 253
2.14101 253
2.14201 252
2.14301 252
2.14401 252
2.14501 252
2.14601 252
2.14701 251
2.14801 251
2.14901 251
2.15001 251
2.15101 251
2.15201 250
2.15301 250
2.15401 250
2.15501 250
2.15601 249
2.15701 249
2.15801 249
2.15901 249
2.16001 249
2.16101 248
2.16201 248
2.16301 248
2.16401 248
2.16501 248
2.16601 247
2.16701 247
2.16801 247
2.16901 247
2.17001 246
2.17101 246
2.17201 246
2.17301 246
2.17401 246
2.17501 245
2.17601 245
2.17701 245
2.17801 245
2.17901 245
2.18001 244
2.18101 244
2.18201 244
2.18301 244
2.18401 244
2.18501 243
2.18601 243
2.18701 243
2.18801 243
2.18901 243
2.19001 242
2.19101 242
2.19201 242
2.19301 242
2.19401 241
2.19501 241
2.19601 241
2.19701 241
2.19801 241
2.19901 240
2.20001 240
2.20101 240
2.20201 240
2.20301 240
2.20401 239
2.20501 239
2.20601 239
2.20701 239
2.20801 239
2.20901 238
2.21001 238
2.21101 238
2.21201 238
2.21301 238
2.21401 237
2.21501 237
2.21601 237
2.21701 237
2.21801 237
2.21901 236
2.22001 236
2.22101 236
2.22201 236
2.22301 236
2.22401 235
2.22501 235
2.22601 235
2.22701 235
2.22801 235
2.22901 234
2.23001 234
2.23101 234
2.23201 234
2.23301 234
2.23401 233
2.23501 233
2.23601 233
2.23701 233
2.23801 233
2.23901 232
2.24001 232
2.24101 232
2.24201 232
2.24301 232
2.24401 232
2.24501 231
2.24601 231
2.24701 231
2.24801 231
2.24901 231
2.25001 230
2.25101 230
2.25201 230
2.25301 230
2.254 230
2.255 229
2.256 229
2.257 229
2.258 229
2.259 229
2.26 228
2.261 228
2.262 228
2.263 228
2.264 228
2.265 228
2.266 227
2.267 227
2.268 227
2.269 227
2.27 227
2.271 226
2.272 226
2.273 226
2.274 226
2.275 226
2.276 226
2.277 225
2.278 225
2.279 225
2.28 225
2.281 225
2.282 224
2.283 224
2.284 224
2.285 224
2.286 224
2.287 224
2.288 223
2.289 223
2.29 223
2.291 223
2.292 223
2.293 222
2.294 222
2.295 222
2.296 222
2.297 222
2.298 222
2.299 221
2.3 221
2.301 221
2.302 221
2.303 221
2.304 221
2.305 220
2.306 220
2.307 220
2.308 220
2.309 220
2.31 220
2.311 219
2.312 219
2.313 219
2.314 219
2.315 219
2.316 219
2.317 218
2.318 218
2.319 218
2.32 218
2.321 218
2.322 218
2.323 217
2.324 217
2.325 217
2.326 217
2.327 217
2.328 217
2.329 216
2.33 216
2.331 216
2.332 216
2.333 216
2.334 216
2.335 215
2.336 215
2.337 215
2.338 215
2.339 215
2.34 215
2.341 214
2.342 214
2.343 214
2.344 214
2.345 214
2.346 214
2.347 213
2.348 213
2.349 213
2.35 213
2.351 213
2.352 213
2.353 212
2.354 212
2.355 212
2.356 212
2.357 212
2.358 212
2.359 212
2.36 211
2.361 211
2.362 211
2.363 211
2.364 211
2.365 211
2.366 210
2.367 210
2.368 210
2.369 210
2.37 210
2.371 210
2.372 210
2.373 209
2.374 209
2.375 209
2.376 209
2.377 209
2.378 209
2.379 209
2.38 208
2.381 208
2.382 208
2.383 208
2.384 208
2.385 208
2.386 207
2.387 207
2.388 207
2.389 207
2.39 207
2.391 207
2.39199 207
2.39299 206
2.39399 206
2.39499 206
2.39599 206
2.39699 206
2.39799 206
2.39899 206
2.39999 205
2.40099 205
2.40199 205
2.40299 205
2.40399 205
2.40499 205
2.40599 205
2.40699 204
2.40799 204
2.40899 204
2.40999 204
2.41099 204
2.41199 204
2.41299 204
2.41399 203
2.41499 203
2.41599 203
2.41699 203
2.41799 203
2.41899 203
2.41999 203
2.42099 202
2.42199 202
2.42299 202
2.42399 202
2.42499 202
2.42599 202
2.42699 202
2.42799 201
2.42899 201
2.42999 201
2.43099 201
2.43199 201
2.43299 201
2.43399 201
2.43499 201
2.43599 200
2.43699 200
2.43799 200
2.43899 200
2.43999 200
2.44099 200
2.44199 200
2.44299 199
2.44399 199
2.44499 199
2.44599 199
2.44699 199
2.44799 199
2.44899 199
2.44999 199
2.45099 198
2.45199 198
2.45299 198
2.45399 198
2.45499 198
2.45599 198
2.45699 198
2.45799 197
2.45899 197
2.45999 197
2.46099 197
2.46199 197
2.46299 197
2.46399 197
2.46499 197
2.46599 196
2.46699 196
2.46799 196
2.46899 196
2.46999 196
2.47099 196
2.47199 280
2.47299 280
2.47399 195
2.47499 195
2.47599 195
2.47699 195
2.47799 279
2.47899 279
2.47999 279
2.48099 279
2.48199 194
2.48299 194
2.48399 194
2.48499 279
2.48599 279
2.48699 279
2.48799 279
2.48899 278
2.48999 193
2.49099 278
2.49199 278
2.49299 278
2.49399 278
2.49499 278
2.49599 278
2.49699 278
2.49799 278
2.49899 278
2.49999 277
2.50099 277
2.50199 277
2.50299 277
2.50399 277
2.50499 277
2.50599 277
2.50699 277
2.50799 277
2.50899 277
2.50999 277
2.51099 277
2.51199 277
2.51299 276
2.51399 276
2.51499 276
2.51599 276
2.51699 276
2.51799 276
2.51899 276
2.51999 276
2.52099 276
2.52199 276
2.52299 275
2.52399 275
2.52499 275
2.52599 275
2.52699 275
2.52799 275
2.52899 275
2.52998 275
2.53098 275
2.53198 275
2.53298 274
2.53398 274
2.53498 274
2.53598 274
2.53698 274
2.53798 274
2.53898 274
2.53998 274
2.54098 274
2.54198 274
2.54298 274
2.54398 274
2.54498 273
2.54598 273
2.54698 273
2.54798 273
2.54898 273
2.54998 273
2.55098 273
2.55198 273
2.55298 273
2.55398 273
2.55498 272
2.55598 272
2.55698 272
2.55798 272
2.55898 272
2.55998 272
2.56098 272
2.56198 272
2.56298 272
2.56398 272
2.56498 272
2.56598 271
2.56698 271
2.56798 271
2.56898 271
2.56998 271
2.57098 271
2.57198 271
2.57298 271
2.57398 271
2.57498 271
2.57598 270
2.57698 270
2.57798 270
2.57898 270
2.57998 270
2.58098 270
2.58198 270
2.58298 270
2.58398 270
2.58498 270
2.58598 270
2.58698 269
2.58798 269
2.58898 269
2.58998 269
2.59098 269
2.59198 269
2.59298 269
2.59398 269
2.59498 269
2.59598 269
2.59698 269
2.59798 268
2.59898 268
2.59998 268
2.60098 268
2.60198 268
2.60298 268
2.60398 268
2.60498 268
2.60598 268
2.60698 268
2.60798 267
2.60898 267
2.60998 267
2.61098 267
2.61198 267
2.61298 267
2.61398 267
2.61498 267
2.61598 267
2.61698 267
2.61798 266
2.61898 266
2.61998 266
2.62098 266
2.62198 266
2.62298 266
2.62398 266
2.62498 266
2.62598 266
2.62698 266
2.62798 266
2.62898 266
2.62998 265
2.63098 265
2.63198 265
2.63298 265
2.63398 265
2.63498 265
2.63598 265
2.63698 265
2.63798 265
2.63898 264
2.63998 264
2.64098 264
2.64198 264
2.64298 264
2.64398 264
2.64498 264
2.64598 264
2.64698 264
2.64798 264
2.64898 264
2.64998 264
2.65098 263
2.65198 263
2.65298 263
2.65398 263
2.65498 263
2.65598 263
2.65698 263
2.65798 263
2.65898 263
2.65998 262
2.66098 262
2.66198 262
2.66298 262
2.66398 262
2.66498 262
2.66598 262
2.66698 262
2.66797 262
2.66897 262
2.66997 262
2.67097 261
2.67197 261
2.67297 261
2.67397 261
2.67497 261
2.67597 261
2.67697 261
2.67797 261
2.67897 261
2.67997 261
2.68097 260
2.68197 260
2.68297 260
2.68397 260
2.68497 260
2.68597 260
2.68697 260
2.68797 260
2.68897 260
2.68997 260
2.69097 260
2.69197 259
2.69297 259
2.69397 259
2.69497 259
2.69597 259
2.69697 259
2.69797 259
2.69897 259
2.69997 259
2.70097 259
2.70197 258
2.70297 258
2.70397 258
2.70497 258
2.70597 258
2.70697 258
2.70797 258
2.70897 258
2.70997 258
2.71097 258
2.71197 258
2.71297 257
2.71397 257
2.71497 257
2.71597 257
2.71697 257
2.71797 257
2.71897 257
2.71997 257
2.72097 257
2.72197 257
2.72297 256
2.72397 256
2.72497 256
2.72597 256
2.72697 256
2.72797 256
2.72897 256
2.72997 256
2.73097 256
2.73197 256
2.73297 255
2.73397 255
2.73497 255
2.73597 255
2.73697 255
2.73797 255
2.73897 255
2.73997 255
2.74097 255
2.74197 255
2.74297 255
2.74397 254
2.74497 254
2.74597 254
2.74697 254
2.74797 254
2.74897 254
2.74997 254
2.75097 254
2.75197 254
2.75297 254
2.75397 254
2.75497 253
2.75597 253
2.75697 253
2.75797 253
2.75897 253
2.75997 253
2.76097 253
2.76197 253
2.76297 253
2.76397 253
2.76497 252
2.76597 252
2.76697 252
2.76797 252
2.76897 252
2.76997 252
2.77097 252
2.77197 252
2.77297 252
2.77397 252
2.77497 252
2.77597 251
2.77697 251
2.77797 251
2.77897 251
2.77997 251
2.78097 251
2.78197 251
2.78297 251
2.78397 251
2.78497 251
2.78597 251
2.78697 250
2.78797 250
2.78897 250
2.78997 250
2.79097 250
2.79197 250
2.79297 250
2.79397 250
2.79497 250
2.79597 250
2.79697 250
2.79797 249
2.79897 249
2.79997 249
2.80097 249
2.80197 249
2.80297 249
2.80397 249
2.80497 249
2.80596 249
2.80696 249
2.80796 248
2.80896 248
2.80996 248
2.81096 248
2.81196 248
2.81296 248
2.81396 248
2.81496 248
2.81596 248
2.81696 248
2.81796 248
2.81896 247
2.81996 247
2.82096 247
2.82196 247
2.82296 247
2.82396 247
2.82496 247
2.82596 247
2.82696 247
2.82796 247
2.82896 247
2.82996 246
2.83096 246
2.83196 246
2.83296 246
2.83396 246
2.83496 246
2.83596 246
2.83696 246
2.83796 246
2.83896 246
2.83996 246
2.84096 245
2.84196 245
2.84296 245
2.84396 245
2.84496 245
2.84596 245
2.84696 245
2.84796 245
2.84896 245
2.84996 245
2.85096 245
2.85196 244
2.85296 244
2.85396 244
2.85496 244
2.85596 244
2.85696 244
2.85796 244
2.85896 244
2.85996 244
2.86096 244
2.86196 244
2.86296 243
2.86396 243
2.86496 243
2.86596 243
2.86696 243
2.86796 243
2.86896 243
2.86996 243
2.87096 243
2.87196 243
2.87296 243
2.87396 243
2.87496 242
2.87596 242
2.87696 242
2.87796 242
2.87896 242
2.87996 242
2.88096 242
2.88196 242
2.88296 242
2.88396 242
2.88496 242
2.88596 241
2.88696 241
2.88796 241
2.88896 241
2.88996 241
2.89096 241
2.89196 241
2.89296 241
2.89396 241
2.89496 241
2.89596 241
2.89696 240
2.89796 240
2.89896 240
2.89996 240
2.90096 240
2.90196 240
2.90296 240
2.90396 240
2.90496 240
2.90596 240
2.90696 240
2.90796 240
2.90896 239
2.90996 239
2.91096 239
2.91196 239
2.91296 239
2.91396 239
2.91496 239
2.91596 239
2.91696 239
2.91796 239
2.91896 239
2.91996 239
2.92096 238
2.92196 238
2.92296 238
2.92396 238
2.92496 238
2.92596 238
2.92696 238
2.92796 238
2.92896 238
2.92996 238
2.93096 238
2.93196 237
2.93296 237
2.93396 237
2.93496 237
2.93596 237
2.93696 237
2.93796 237
2.93896 237
2.93996 237
2.94096 237
2.94196 237
2.94296 237
2.94395 236
2.94495 236
2.94595 236
2.94695 236
2.94795 236
2.94895 236
2.94995 236
2.95095 236
2.95195 236
2.95295 236
2.95395 236
2.95495 236
2.95595 235
2.95695 235
2.95795 235
2.95895 235
2.95995 235
2.96095 235
2.96195 235
2.96295 235
2.96395 235
2.96495 235
2.96595 235
2.96695 235
2.96795 234
2.96895 234
2.96995 234
2.97095 234
2.97195 234
2.97295 234
2.97395 234
2.97495 234
2.97595 234
2.97695 234
2.97795 234
2.97895 234
2.97995 233
2.98095 233
2.98195 233
2.98295 233
2.98395 233
2.98495 233
2.98595 233
2.98695 233
2.98795 233
2.98895 233
2.98995 233
2.99095 233
2.99195 232
2.99295 232
2.99395 232
2.99495 232
2.99595 232
2.99695 232
2.99795 232
2.99895 232
2.99995 232
3.00095 232
3.00195 232
3.00295 232
3.00395 232
3.00495 231
3.00595 231
3.00695 231
3.00795 231
3.00895 231
3.00995 231
3.01095 231
3.01195 231
3.01295 231
3.01395 231
3.01495 231
3.01595 231
3.01695 230
3.01795 230
3.01895 230
3.01995 230
3.02095 230
3.02195 230
3.02295 230
3.02395 230
3.02495 230
3.02595 230
3.02695 230
3.02795 230
3.02895 230
3.02995 229
3.03095 229
3.03195 229
3.03295 229
3.03395 229
3.03495 229
3.03595 229
3.03695 229
3.03795 229
3.03895 229
3.03995 229
3.04095 229
3.04195 229
3.04295 228
3.04395 228
3.04495 228
3.04595 228
3.04695 228
3.04795 228
3.04895 228
3.04995 228
3.05095 228
3.05195 228
3.05295 228
3.05395 228
3.05495 227
3.05595 227
3.05695 227
3.05795 227
3.05895 227
3.05995 227
3.06095 227
3.06195 227
3.06295 227
3.06395 227
3.06495 227
3.06595 227
3.06695 227
3.06795 226
3.06895 226
3.06995 226
3.07095 226
3.07195 226
3.07295 226
3.07395 226
3.07495 226
3.07595 226
3.07695 226
3.07795 226
3.07895 226
3.07995 226
3.08095 226
3.08194 225
3.08294 225
3.08394 225
3.08494 225
3.08594 225
3.08694 225
3.08794 225
3.08894 225
3.08994 225
3.09094 225
3.09194 225
3.09294 225
3.09394 225
3.09494 224
3.09594 224
3.09694 224
3.09794 224
3.09894 224
3.09994 224
3.10094 224
3.10194 224
3.10294 224
3.10394 224
3.10494 224
3.10594 224
3.10694 224
3.10794 223
3.10894 223
3.10994 223
3.11094 223
3.11194 223
3.11294 223
3.11394 223
3.11494 223
3.11594 223
3.11694 223
3.11794 223
3.11894 223
3.11994 223
3.12094 223
3.12194 222
3.12294 222
3.12394 222
3.12494 222
3.12594 222
3.12694 222
3.12794 222
3.12894 222
3.12994 222
3.13094 222
3.13194 222
3.13294 222
3.13394 222
3.13494 222
3.13594 221
3.13694 221
3.13794 221
3.13894 221
3.13994 221
3.14094 221
3.14194 221
3.14294 221
3.14394 221
3.14494 221
3.14594 221
3.14694 221
3.14794 221
3.14894 220
3.14994 220
3.15094 220
3.15194 220
3.15294 220
3.15394 220
3.15494 220
3.15594 220
3.15694 220
3.15794 220
3.15894 220
3.15994 220
3.16094 220
3.16194 220
3.16294 219
3.16394 219
3.16494 219
3.16594 219
3.16694 219
3.16794 219
3.16894 219
3.16994 219
3.17094 219
3.17194 219
3.17294 219
3.17394 219
3.17494 219
3.17594 219
3.17694 219
3.17794 218
3.17894 218
3.17994 218
3.18094 218
3.18194 218
3.18294 218
3.18394 218
3.18494 218
3.18594 218
3.18694 218
3.18794 218
3.18894 218
3.18994 218
3.19094 218
3.19194 217
3.19294 217
3.19394 217
3.19494 217
3.19594 217
3.19694 217
3.19794 217
3.19894 217
3.19994 217
3.20094 217
3.20194 217
3.20294 217
3.20394 217
3.20494 217
3.20594 217
3.20694 216
3.20794 216
3.20894 216
3.20994 216
3.21094 216
3.21194 216
3.21294 216
3.21394 216
3.21494 216
3.21594 216
3.21694 216
3.21794 216
3.21894 216
3.21993 216
3.22093 216
3.22193 215
3.22293 215
3.22393 215
3.22493 215
3.22593 215
3.22693 215
3.22793 215
3.22893 215
3.22993 215
3.23093 215
3.23193 215
3.23293 215
3.23393 215
3.23493 215
3.23593 215
3.23693 214
3.23793 214
3.23893 214
3.23993 214
3.24093 214
3.24193 214
3.24293 214
3.24393 214
3.24493 214
3.24593 214
3.24693 214
3.24793 214
3.24893 214
3.24993 214
3.25093 214
3.25193 213
3.25293 213
3.25393 213
3.25493 213
3.25593 213
3.25693 213
3.25793 213
3.25893 213
3.25993 213
3.26093 213
3.26193 213
3.26293 213
3.26393 213
3.26493 213
3.26593 213
3.26693 212
3.26793 212
3.26893 212
3.26993 212
3.27093 212
3.27193 212
3.27293 212
3.27393 212
3.27493 212
3.27593 212
3.27693 212
3.27793 212
3.27893 212
3.27993 212
3.28093 212
3.28193 212
3.28293 211
3.28393 211
3.28493 211
3.28593 211
3.28693 211
3.28793 211
3.28893 211
3.28993 211
3.29093 211
3.29193 211
3.29293 211
3.29393 211
3.29493 211
3.29593 211
3.29693 211
3.29793 210
3.29893 210
3.29993 210
3.30093 210
3.30193 210
3.30293 210
3.30393 210
3.30493 210
3.30593 210
3.30693 210
3.30793 210
3.30893 210
3.30993 210
3.31093 210
3.31193 210
3.31293 272
3.31393 209
3.31493 209
3.31593 209
3.31693 209
3.31793 209
3.31893 209
3.31993 209
3.32093 209
3.32193 209
3.32293 209
3.32393 209
3.32493 209
3.32593 209
3.32693 271
3.32793 271
3.32893 271
3.32993 271
3.33093 208
3.33193 208
3.33293 208
3.33393 208
3.33493 208
3.33593 208
3.33693 208
3.33793 208
3.33893 208
3.33993 208
3.34093 271
3.34193 271
3.34293 271
3.34393 271
3.34493 271
3.34593 270
3.34693 207
3.34793 207
3.34893 207
3.34993 207
3.35093 207
3.35193 207
3.35293 207
3.35393 207
3.35493 207
3.35593 270
3.35693 270
3.35792 270
3.35892 270
3.35992 270
3.36092 270
3.36192 270
3.36292 270
3.36392 206
3.36492 206
3.36592 206
3.36692 206
3.36792 206
3.36892 206
3.36992 269
3.37092 269
3.37192 269
3.37292 269
3.37392 269
3.37492 269
3.37592 269
3.37692 269
3.37792 269
3.37892 269
3.37992 269
3.38092 205
3.38192 205
3.38292 205
3.38392 205
3.38492 268
3.38592 268
3.38692 268
3.38792 268
3.38892 268
3.38992 268
3.39092 268
3.39192 268
3.39292 268
3.39392 268
3.39492 268
3.39592 268
3.39692 268
3.39792 204
3.39892 204
3.39992 268
3.40092 268
3.40192 268
3.40292 267
3.40392 267
3.40492 267
3.40592 267
3.40692 267
3.40792 267
3.40892 267
3.40992 267
3.41092 267
3.41192 267
3.41292 267
3.41392 267
3.41492 267
3.41592 267
3.41692 267
3.41792 267
3.41892 267
3.41992 267
3.42092 267
3.42192 267
3.42292 267
3.42392 266
3.42492 266
3.42592 266
3.42692 266
3.42792 266
3.42892 266
3.42992 266
3.43092 266
3.43192 266
3.43292 266
3.43392 266
3.43492 266
3.43592 266
3.43692 266
3.43792 266
3.43892 266
3.43992 266
3.44092 266
3.44192 266
3.44292 266
3.44392 265
3.44492 265
3.44592 265
3.44692 265
3.44792 265
3.44892 265
3.44992 265
3.45092 265
3.45192 265
3.45292 265
3.45392 265
3.45492 265
3.45592 265
3.45692 265
3.45792 265
3.45892 264
3.45992 264
3.46092 264
3.46192 264
3.46292 264
3.46392 264
3.46492 264
3.46592 264
3.46692 264
3.46792 264
3.46892 264
3.46992 264
3.47092 264
3.47192 264
3.47292 264
3.47392 264
3.47492 264
3.47592 264
3.47692 264
3.47792 264
3.47892 264
3.47992 263
3.48092 263
3.48192 263
3.48292 263
3.48392 263
3.48492 263
3.48592 263
3.48692 263
3.48792 263
3.48892 263
3.48992 263
3.49092 263
3.49192 263
3.49292 263
3.49392 263
3.49492 263
3.49591 263
3.49691 263
3.49791 263
3.49891 262
3.49991 262
3.50091 262
3.50191 262
3.50291 262
3.50391 262
3.50491 262
3.50591 262
3.50691 262
3.50791 262
3.50891 262
3.50991 262
3.51091 262
3.51191 262
3.51291 262
3.51391 262
3.51491 262
3.51591 262
3.51691 262
3.51791 261
3.51891 261
3.51991 261
3.52091 261
3.52191 261
3.52291 261
3.52391 261
3.52491 261
3.52591 261
3.52691 261
3.52791 261
3.52891 261
3.52991 261
3.53091 261
3.53191 261
3.53291 261
3.53391 261
3.53491 261
3.53591 261
3.53691 261
3.53791 260
3.53891 260
3.53991 260
3.54091 260
3.54191 260
3.54291 260
3.54391 260
3.54491 260
3.54591 260
3.54691 260
3.54791 260
3.54891 260
3.54991 260
3.55091 260
3.55191 260
3.55291 260
3.55391 260
3.55491 260
3.55591 259
3.55691 259
3.55791 259
3.55891 259
3.55991 259
3.56091 259
3.56191 259
3.56291 259
3.56391 259
3.56491 259
3.56591 259
3.56691 259
3.56791 259
3.56891 259
3.56991 259
3.57091 259
3.57191 259
3.57291 259
3.57391 259
3.57491 259
3.57591 258
3.57691 258
3.57791 258
3.57891 258
3.57991 258
3.58091 258
3.58191 258
3.58291 258
3.58391 258
3.58491 258
3.58591 258
3.58691 258
3.58791 258
3.58891 258
3.58991 258
3.59091 258
3.59191 258
3.59291 258
3.59391 258
3.59491 257
3.59591 257
3.59691 257
3.59791 257
3.59891 257
3.59991 257
3.60091 257
3.60191 257
3.60291 257
3.60391 257
3.60491 257
3.60591 257
3.60691 257
3.60791 257
3.60891 257
3.60991 257
3.61091 257
3.61191 257
3.61291 257
3.61391 256
3.61491 256
3.61591 256
3.61691 256
3.61791 256
3.61891 256
3.61991 256
3.62091 256
3.62191 256
3.62291 256
3.62391 256
3.62491 256
3.62591 256
3.62691 256
3.62791 256
3.62891 256
3.62991 256
3.63091 256
3.63191 256
3.63291 256
3.6339 255
3.6349 255
3.6359 255
3.6369 255
3.6379 255
3.6389 255
3.6399 255
3.6409 255
3.6419 255
3.6429 255
3.6439 255
3.6449 255
3.6459 255
3.6469 255
3.6479 255
3.6489 255
3.6499 255
3.6509 255
3.6519 255
3.6529 255
3.6539 254
3.6549 254
3.6559 254
3.6569 254
3.6579 254
3.6589 254
3.6599 254
3.6609 254
3.6619 254
3.6629 254
3.6639 254
3.6649 254
3.6659 254
3.6669 254
3.6679 254
3.6689 254
3.6699 254
3.6709 254
3.6719 254
3.6729 254
3.6739 253
3.6749 253
3.6759 253
3.6769 253
3.6779 253
3.6789 253
3.6799 253
3.6809 253
3.6819 253
3.6829 253
3.6839 253
3.6849 253
3.6859 253
3.6869 253
3.6879 253
3.6889 253
3.6899 253
3.6909 253
3.6919 252
3.6929 252
3.6939 252
3.6949 252
3.6959 252
3.6969 252
3.6979 252
3.6989 252
3.6999 252
3.7009 252
3.7019 252
3.7029 252
3.7039 252
3.7049 252
3.7059 252
3.7069 252
3.7079 252
3.7089 252
3.7099 252
3.7109 252
3.7119 252
3.7129 251
3.7139 251
3.7149 251
3.7159 251
3.7169 251
3.7179 251
3.7189 251
3.7199 251
3.7209 251
3.7219 251
3.7229 251
3.7239 251
3.7249 251
3.7259 251
3.7269 251
3.7279 251
3.7289 251
3.7299 251
3.7309 251
3.7319 251
3.7329 250
3.7339 250
3.7349 250
3.7359 250
3.7369 250
3.7379 250
3.7389 250
3.7399 250
3.7409 250
3.7419 250
3.7429 250
3.7439 250
3.7449 250
3.7459 250
3.7469 250
3.7479 250
3.7489 250
3.7499 250
3.7509 250
3.7519 249
3.7529 249
3.7539 249
3.7549 249
3.7559 249
3.7569 249
3.7579 249
3.7589 249
3.7599 249
3.7609 249
3.7619 249
3.7629 249
3.7639 249
3.7649 249
3.7659 249
3.7669 249
3.7679 249
3.7689 249
3.7699 249
3.7709 249
3.77189 249
3.77289 248
3.77389 248
3.77489 248
3.77589 248
3.77689 248
3.77789 248
3.77889 248
3.77989 248
3.78089 248
3.78189 248
3.78289 248
3.78389 248
3.78489 248
3.78589 248
3.78689 248
3.78789 248
3.78889 248
3.78989 248
3.79089 248
3.79189 248
3.79289 247
3.79389 247
3.79489 247
3.79589 247
3.79689 247
3.79789 247
3.79889 247
3.79989 247
3.80089 247
3.80189 247
3.80289 247
3.80389 247
3.80489 247
3.80589 247
3.80689 247
3.80789 247
3.80889 247
3.80989 247
3.81089 247
3.81189 247
3.81289 247
3.81389 246
3.81489 246
3.81589 246
3.81689 246
3.81789 246
3.81889 246
3.81989 246
3.82089 246
3.82189 246
3.82289 246
3.82389 246
3.82489 246
3.82589 246
3.82689 246
3.82789 246
3.82889 246
3.82989 246
3.83089 246
3.83189 246
3.83289 246
3.83389 246
3.83489 245
3.83589 245
3.83689 245
3.83789 245
3.83889 245
3.83989 245
3.84089 245
3.84189 245
3.84289 245
3.84389 245
3.84489 245
3.84589 245
3.84689 245
3.84789 245
3.84889 245
3.84989 245
3.85089 245
3.85189 245
3.85289 245
3.85389 245
3.85489 244
3.85589 244
3.85689 244
3.85789 244
3.85889 244
3.85989 244
3.86089 244
3.86189 244
3.86289 244
3.86389 244
3.86489 244
3.86589 244
3.86689 244
3.86789 244
3.86889 244
3.86989 244
3.87089 244
3.87189 244
3.87289 244
3.87389 244
3.87489 244
3.87589 243
3.87689 243
3.87789 243
3.87889 243
3.87989 243
3.88089 243
3.88189 243
3.88289 243
3.88389 243
3.88489 243
3.88589 243
3.88689 243
3.88789 243
3.88889 243
3.88989 243
3.89089 243
3.89189 243
3.89289 243
3.89389 243
3.89489 243
3.89589 243
3.89689 243
3.89789 242
3.89889 242
3.89989 242
3.90089 242
3.90189 242
3.90289 242
3.90389 242
3.90489 242
3.90589 242
3.90689 242
3.90789 242
3.90889 242
3.90988 242
3.91088 242
3.91188 242
3.91288 242
3.91388 242
3.91488 242
3.91588 242
3.91688 242
3.91788 242
3.91888 241
3.91988 241
3.92088 241
3.92188 241
3.92288 241
3.92388 241
3.92488 241
3.92588 241
3.92688 241
3.92788 241
3.92888 241
3.92988 241
3.93088 241
3.93188 241
3.93288 241
3.93388 241
3.93488 241
3.93588 241
3.93688 241
3.93788 241
3.93888 241
3.93988 241
3.94088 240
3.94188 240
3.94288 240
3.94388 240
3.94488 240
3.94588 240
3.94688 240
3.94788 240
3.94888 240
3.94988 240
3.95088 240
3.95188 240
3.95288 240
3.95388 240
3.95488 240
3.95588 240
3.95688 240
3.95788 240
3.95888 240
3.95988 240
3.96088 240
3.96188 239
3.96288 239
3.96388 239
3.96488 239
3.96588 239
3.96688 239
3.96788 239
3.96888 239
3.96988 239
3.97088 239
3.97188 239
3.97288 239
3.97388 239
3.97488 239
3.97588 239
3.97688 239
3.97788 239
3.97888 239
3.97988 239
3.98088 239
3.98188 239
3.98288 239
3.98388 239
3.98488 238
3.98588 238
3.98688 238
3.98788 238
3.98888 238
3.98988 238
3.99088 238
3.99188 238
3.99288 238
3.99388 238
3.99488 238
3.99588 238
3.99688 238
3.99788 238
3.99888 238
3.99988 238
4.00088 238
4.00188 238
4.00288 238
4.00388 238
4.00488 238
4.00588 237
4.00688 237
4.00788 237
4.00888 237
4.00988 237
4.01088 237
4.01188 237
4.01288 237
4.01388 237
4.01488 237
4.01588 237
4.01688 237
4.01788 237
4.01888 237
4.01988 237
4.02088 237
4.02188 237
4.02288 237
4.02388 237
4.02488 237
4.02588 237
4.02688 237
4.02788 237
4.02888 236
4.02988 236
4.03088 236
4.03188 236
4.03288 236
4.03388 236
4.03488 236
4.03588 236
4.03688 236
4.03788 236
4.03888 236
4.03988 236
4.04088 236
4.04188 236
4.04288 236
4.04388 236
4.04488 236
4.04588 236
4.04688 236
4.04787 236
4.04887 236
4.04987 236
4.05087 235
4.05187 235
4.05287 235
4.05387 235
4.05487 235
4.05587 235
4.05687 235
4.05787 235
4.05887 235
4.05987 235
4.06087 235
4.06187 235
4.06287 235
4.06387 235
4.06487 235
4.06587 235
4.06687 235
4.06787 235
4.06887 235
4.06987 235
4.07087 235
4.07187 235
4.07287 235
4.07387 234
4.07487 234
4.07587 234
4.07687 234
4.07787 234
4.07887 234
4.07987 234
4.08087 234
4.08187 234
4.08287 234
4.08387 234
4.08487 234
4.08587 234
4.08687 234
4.08787 234
4.08887 234
4.08987 234
4.09087 234
4.09187 234
4.09287 234
4.09387 234
4.09487 234
4.09587 234
4.09687 234
4.09787 233
4.09887 233
4.09987 233
4.10087 233
4.10187 233
4.10287 233
4.10387 233
4.10487 233
4.10587 233
4.10687 233
4.10787 233
4.10887 233
4.10987 233
4.11087 233
4.11187 233
4.11287 233
4.11387 233
4.11487 233
4.11587 233
4.11687 233
4.11787 233
4.11887 233
4.11987 233
4.12087 232
4.12187 232
4.12287 232
4.12387 232
4.12487 232
4.12587 232
4.12687 232
4.12787 232
4.12887 232
4.12987 232
4.13087 232
4.13187 232
4.13287 232
4.13387 232
4.13487 232
4.13587 232
4.13687 232
4.13787 232
4.13887 232
4.13987 232
4.14087 232
4.14187 232
4.14287 232
4.14387 232
4.14487 231
4.14587 231
4.14687 231
4.14787 231
4.14887 231
4.14987 231
4.15087 231
4.15187 231
4.15287 231
4.15387 231
4.15487 231
4.15587 231
4.15687 231
4.15787 231
4.15887 231
4.15987 231
4.16087 231
4.16187 231
4.16287 231
4.16387 231
4.16487 231
4.16587 231
4.16687 231
4.16787 231
4.16887 230
4.16987 230
4.17087 230
4.17187 230
4.17287 230
4.17387 230
4.17487 230
4.17587 230
4.17687 230
4.17787 230
4.17887 230
4.17987 230
4.18087 230
4.18187 230
4.18287 230
4.18387 230
4.18486 230
4.18586 230
4.18686 230
4.18786 230
4.18886 230
4.18986 230
4.19086 230
4.19186 230
4.19286 229
4.19386 229
4.19486 229
4.19586 229
4.19686 229
4.19786 229
4.19886 229
4.19986 229
4.20086 229
4.20186 229
4.20286 229
4.20386 229
4.20486 229
4.20586 229
4.20686 229
4.20786 229
4.20886 229
4.20986 229
4.21086 229
4.21186 229
4.21286 229
4.21386 229
4.21486 229
4.21586 229
4.21686 228
4.21786 228
4.21886 228
4.21986 228
4.22086 228
4.22186 228
4.22286 228
4.22386 228
4.22486 228
4.22586 228
4.22686 228
4.22786 228
4.22886 228
4.22986 228
4.23086 228
4.23186 228
4.23286 228
4.23386 228
4.23486 228
4.23586 228
4.23686 228
4.23786 228
4.23886 228
4.23986 228
4.24086 228
4.24186 227
4.24286 227
4.24386 227
4.24486 227
4.24586 227
4.24686 227
4.24786 227
4.24886 227
4.24986 227
4.25086 227
4.25186 227
4.25286 227
4.25386 227
4.25486 227
4.25586 227
4.25686 227
4.25786 227
4.25886 227
4.25986 227
4.26086 227
4.26186 227
4.26286 227
4.26386 227
4.26486 227
4.26586 227
4.26686 226
4.26786 226
4.26886 226
4.26986 226
4.27086 226
4.27186 226
4.27286 226
4.27386 226
4.27486 226
4.27586 226
4.27686 226
4.27786 226
4.27886 226
4.27986 226
4.28086 226
4.28186 226
4.28286 226
4.28386 226
4.28486 226
4.28586 226
4.28686 226
4.28786 226
4.28886 226
4.28986 226
4.29086 226
4.29186 225
4.29286 225
4.29386 225
4.29486 225
4.29586 225
4.29686 225
4.29786 225
4.29886 225
4.29986 225
4.30086 225
4.30186 225
4.30286 225
4.30386 225
4.30486 225
4.30586 225
4.30686 225
4.30786 225
4.30886 225
4.30986 225
4.31086 225
4.31186 225
4.31286 225
4.31386 225
4.31486 225
4.31586 273
4.31686 273
4.31786 224
4.31886 224
4.31986 224
4.32086 224
4.32186 224
4.32285 224
4.32385 224
4.32485 224
4.32585 224
4.32685 224
4.32785 224
4.32885 224
4.32985 224
4.33085 224
4.33185 224
4.33285 224
4.33385 224
4.33485 224
4.33585 224
4.33685 273
4.33785 273
4.33885 273
4.33985 273
4.34085 273
4.34185 273
4.34285 223
4.34385 223
4.34485 223
4.34585 223
4.34685 223
4.34785 223
4.34885 223
4.34985 223
4.35085 223
4.35185 223
4.35285 223
4.35385 223
4.35485 223
4.35585 223
4.35685 223
4.35785 272
4.35885 272
4.35985 272
4.36085 272
4.36185 272
4.36285 272
4.36385 272
4.36485 272
4.36585 272
4.36685 272
4.36785 272
4.36885 272
4.36985 222
4.37085 222
4.37185 222
4.37285 222
4.37385 222
4.37485 222
4.37585 222
4.37685 222
4.37785 222
4.37885 271
4.37985 271
4.38085 271
4.38185 271
4.38285 271
4.38385 271
4.38485 271
4.38585 271
4.38685 271
4.38785 271
4.38885 271
4.38985 271
4.39085 271
4.39185 271
4.39285 271
4.39385 271
4.39485 271
4.39585 271
4.39685 221
4.39785 221
4.39885 221
4.39985 221
4.40085 271
4.40185 271
4.40285 271
4.40385 271
4.40485 271
4.40585 270
4.40685 270
4.40785 270
4.40885 270
4.40985 270
4.41085 270
4.41185 270
4.41285 270
4.41385 270
4.41485 270
4.41585 270
4.41685 270
4.41785 270
4.41885 270
4.41985 270
4.42085 270
4.42185 270
4.42285 270
4.42385 270
4.42485 270
4.42585 270
4.42685 270
4.42785 270
4.42885 270
4.42985 270
4.43085 270
4.43185 270
4.43285 270
4.43385 270
4.43485 270
4.43585 270
4.43685 270
4.43785 269
4.43885 269
4.43985 269
4.44085 269
4.44185 269
4.44285 269
4.44385 269
4.44485 269
4.44585 269
4.44685 269
4.44785 269
4.44885 269
4.44985 269
4.45085 269
4.45185 269
4.45285 269
4.45385 269
4.45485 269
4.45585 269
4.45685 269
4.45785 269
4.45885 269
4.45985 269
4.46084 269
4.46184 269
4.46284 269
4.46384 269
4.46484 269
4.46584 269
4.46684 269
4.46784 268
4.46884 268
4.46984 268
4.47084 268
4.47184 268
4.47284 268
4.47384 268
4.47484 268
4.47584 268
4.47684 268
4.47784 268
4.47884 268
4.47984 268
4.48084 268
4.48184 268
4.48284 268
4.48384 268
4.48484 268
4.48584 268
4.48684 268
4.48784 268
4.48884 268
4.48984 268
4.49084 268
4.49184 268
4.49284 268
4.49384 268
4.49484 268
4.49584 268
4.49684 268
4.49784 267
4.49884 267
4.49984 267
4.50084 267
4.50184 267
4.50284 267
4.50384 267
4.50484 267
4.50584 267
4.50684 267
4.50784 267
4.50884 267
4.50984 267
4.51084 267
4.51184 267
4.51284 267
4.51384 267
4.51484 267
4.51584 267
4.51684 267
4.51784 267
4.51884 267
4.51984 267
4.52084 267
4.52184 267
4.52284 267
4.52384 267
4.52484 267
4.52584 267
4.52684 267
4.52784 266
4.52884 266
4.52984 266
4.53084 266
4.53184 266
4.53284 266
4.53384 266
4.53484 266
4.53584 266
4.53684 266
4.53784 266
4.53884 266
4.53984 266
4.54084 266
4.54184 266
4.54284 266
4.54384 266
4.54484 266
4.54584 266
4.54684 266
4.54784 266
4.54884 266
4.54984 266
4.55084 266
4.55184 266
4.55284 266
4.55384 266
4.55484 266
4.55584 266
4.55684 266
4.55784 265
4.55884 265
4.55984 265
4.56084 265
4.56184 265
4.56284 265
4.56384 265
4.56484 265
4.56584 265
4.56684 265
4.56784 265
4.56884 265
4.56984 265
4.57084 265
4.57184 265
4.57284 265
4.57384 265
4.57484 265
4.57584 265
4.57684 265
4.57784 265
4.57884 265
4.57984 265
4.58084 265
4.58184 265
4.58284 265
4.58384 265
4.58484 265
4.58584 265
4.58684 265
4.58784 265
4.58884 265
4.58984 264
4.59084 264
4.59184 264
4.59284 264
4.59384 264
4.59484 264
4.59584 264
4.59684 264
4.59784 264
4.59883 264
4.59983 264
4.60083 264
4.60183 264
4.60283 264
4.60383 264
4.60483 264
4.60583 264
4.60683 264
4.60783 264
4.60883 264
4.60983 264
4.61083 264
4.61183 264
4.61283 264
4.61383 264
4.61483 264
4.61583 264
4.61683 264
4.61783 264
4.61883 264
4.61983 264
4.62083 264
4.62183 263
4.62283 263
4.62383 263
4.62483 263
4.62583 263
4.62683 263
4.62783 263
4.62883 263
4.62983 263
4.63083 263
4.63183 263
4.63283 263
4.63383 263
4.63483 263
4.63583 263
4.63683 263
4.63783 263
4.63883 263
4.63983 263
4.64083 263
4.64183 263
4.64283 263
4.64383 263
4.64483 263
4.64583 263
4.64683 263
4.64783 263
4.64883 263
4.64983 263
4.65083 263
4.65183 263
4.65283 263
4.65383 262
4.65483 262
4.65583 262
4.65683 262
4.65783 262
4.65883 262
4.65983 262
4.66083 262
4.66183 262
4.66283 262
4.66383 262
4.66483 262
4.66583 262
4.66683 262
4.66783 262
4.66883 262
4.66983 262
4.67083 262
4.67183 262
4.67283 262
4.67383 262
4.67483 262
4.67583 262
4.67683 262
4.67783 262
4.67883 262
4.67983 262
4.68083 262
4.68183 262
4.68283 262
4.68383 261
4.68483 261
4.68583 261
4.68683 261
4.68783 261
4.68883 261
4.68983 261
4.69083 261
4.69183 261
4.69283 261
4.69383 261
4.69483 261
4.69583 261
4.69683 261
4.69783 261
4.69883 261
4.69983 261
4.70083 261
4.70183 261
4.70283 261
4.70383 261
4.70483 261
4.70583 261
4.70683 261
4.70783 261
4.70883 261
4.70983 261
4.71083 261
4.71183 261
4.71283 261
4.71383 261
4.71483 261
4.71583 260
4.71683 260
4.71783 260
4.71883 260
4.71983 260
4.72083 260
4.72183 260
4.72283 260
4.72383 260
4.72483 260
4.72583 260
4.72683 260
4.72783 260
4.72883 260
4.72983 260
4.73083 260
4.73183 260
4.73283 260
4.73383 260
4.73483 260
4.73583 260
4.73682 260
4.73782 260
4.73882 260
4.73982 260
4.74082 260
4.74182 260
4.74282 260
4.74382 260
4.74482 259
4.74582 259
4.74682 259
4.74782 259
4.74882 259
4.74982 259
4.75082 259
4.75182 259
4.75282 259
4.75382 259
4.75482 259
4.75582 259
4.75682 259
4.75782 259
4.75882 259
4.75982 259
4.76082 259
4.76182 259
4.76282 259
4.76382 259
4.76482 259
4.76582 259
4.76682 259
4.76782 259
4.76882 259
4.76982 259
4.77082 259
4.77182 259
4.77282 259
4.77382 259
4.77482 259
4.77582 259
4.77682 259
4.77782 259
4.77882 258
4.77982 258
4.78082 258
4.78182 258
4.78282 258
4.78382 258
4.78482 258
4.78582 258
4.78682 258
4.78782 258
4.78882 258
4.78982 258
4.79082 258
4.79182 258
4.79282 258
4.79382 258
4.79482 258
4.79582 258
4.79682 258
4.79782 258
4.79882 258
4.79982 258
4.80082 258
4.80182 258
4.80282 258
4.80382 258
4.80482 258
4.80582 258
4.80682 258
4.80782 258
4.80882 258
4.80982 257
4.81082 257
4.81182 257
4.81282 257
4.81382 257
4.81482 257
4.81582 257
4.81682 257
4.81782 257
4.81882 257
4.81982 257
4.82082 257
4.82182 257
4.82282 257
4.82382 257
4.82482 257
4.82582 257
4.82682 257
4.82782 257
4.82882 257
4.82982 257
4.83082 257
4.83182 257
4.83282 257
4.83382 257
4.83482 257
4.83582 257
4.83682 257
4.83782 257
4.83882 257
4.83982 257
4.84082 256
4.84182 256
4.84282 256
4.84382 256
4.84482 256
4.84582 256
4.84682 256
4.84782 256
4.84882 256
4.84982 256
4.85082 256
4.85182 256
4.85282 256
4.85382 256
4.85482 256
4.85582 256
4.85682 256
4.85782 256
4.85882 256
4.85982 256
4.86082 256
4.86182 256
4.86282 256
4.86382 256
4.86482 256
4.86582 256
4.86682 256
4.86782 256
4.86882 256
4.86982 256
4.87082 256
4.87182 255
4.87282 255
4.87382 255
4.87481 255
4.87581 255
4.87681 255
4.87781 255
4.87881 255
4.87981 255
4.88081 255
4.88181 255
4.88281 255
4.88381 255
4.88481 255
4.88581 255
4.88681 255
4.88781 255
4.88881 255
4.88981 255
4.89081 255
4.89181 255
4.89281 255
4.89381 255
4.89481 255
4.89581 255
4.89681 255
4.89781 255
4.89881 255
4.89981 255
4.90081 255
4.90181 255
4.90281 254
4.90381 254
4.90481 254
4.90581 254
4.90681 254
4.90781 254
4.90881 254
4.90981 254
4.91081 254
4.91181 254
4.91281 254
4.91381 254
4.91481 254
4.91581 254
4.91681 254
4.91781 254
4.91881 254
4.91981 254
4.92081 254
4.92181 254
4.92281 254
4.92381 254
4.92481 254
4.92581 254
4.92681 254
4.92781 254
4.92881 254
4.92981 254
4.93081 254
4.93181 254
4.93281 254
4.93381 254
4.93481 254
4.93581 254
4.93681 253
4.93781 253
4.93881 253
4.93981 253
4.94081 253
4.94181 253
4.94281 253
4.94381 253
4.94481 253
4.94581 253
4.94681 253
4.94781 253
4.94881 253
4.94981 253
4.95081 253
4.95181 253
4.95281 253
4.95381 253
4.95481 253
4.95581 253
4.95681 253
4.95781 253
4.95881 253
4.95981 253
4.96081 253
4.96181 253
4.96281 253
4.96381 253
4.96481 253
4.96581 253
4.96681 253
4.96781 253
4.96881 252
4.96981 252
4.97081 252
4.97181 252
4.97281 252
4.97381 252
4.97481 252
4.97581 252
4.97681 252
4.97781 252
4.97881 252
4.97981 252
4.98081 252
4.98181 252
4.98281 252
4.98381 252
4.98481 252
4.98581 252
4.98681 252
4.98781 252
4.98881 252
4.98981 252
4.99081 252
4.99181 252
4.99281 252
4.99381 252
4.99481 252
4.99581 252
4.99681 252
4.99781 252
4.99881 252
4.99981 252
5.00081 252
