1.501 548
1.502 547
1.503 547
1.504 547
1.505 546
1.506 546
1.507 545
1.508 545
1.509 544
1.51 544
1.511 543
1.512 543
1.513 542
1.514 542
1.515 541
1.516 541
1.517 540
1.518 540
1.519 539
1.52 539
1.521 538
1.522 538
1.523 537
1.524 537
1.525 536
1.526 536
1.527 535
1.528 535
1.529 534
1.53 534
1.531 533
1.532 533
1.533 532
1.534 532
1.535 532
1.536 531
1.537 531
1.538 530
1.539 530
1.54 529
1.541 529
1.542 528
1.543 528
1.544 527
1.545 527
1.546 526
1.547 526
1.548 525
1.549 525
1.55 524
1.551 524
1.552 524
1.553 523
1.554 523
1.555 522
1.556 522
1.557 521
1.558 521
1.559 520
1.56 520
1.561 519
1.562 519
1.563 518
1.564 518
1.565 518
1.566 517
1.567 517
1.568 516
1.569 516
1.57 515
1.571 515
1.572 514
1.573 514
1.574 513
1.575 513
1.576 512
1.577 512
1.578 512
1.579 511
1.58 511
1.581 510
1.582 510
1.583 509
1.584 509
1.585 508
1.586 508
1.587 507
1.588 507
1.589 507
1.59 506
1.591 506
1.592 505
1.593 505
1.594 504
1.595 504
1.596 503
1.597 503
1.598 503
1.599 502
1.6 502
1.601 501
1.602 501
1.603 500
1.604 500
1.605 499
1.606 499
1.60701 498
1.60801 498
1.60901 498
1.61001 497
1.61101 497
1.61201 496
1.61301 496
1.61401 495
1.61501 495
1.61601 494
1.61701 494
1.61801 494
1.61901 493
1.62001 493
1.62101 492
1.62201 492
1.62301 491
1.62401 491
1.62501 491
1.62601 490
1.62701 490
1.62801 489
1.62901 489
1.63001 488
1.63101 488
1.63201 487
1.63301 487
1.63401 487
1.63501 486
1.63601 486
1.63701 485
1.63801 485
1.63901 484
1.64001 484
1.64101 484
1.64201 483
1.64301 483
1.64401 482
1.64501 482
1.64601 481
1.64701 481
1.64801 481
1.64901 480
1.65001 480
1.65101 479
1.65201 479
1.65301 478
1.65401 478
1.65501 478
1.65601 477
1.65701 477
1.65801 476
1.65901 476
1.66001 475
1.66101 475
1.66201 475
1.66301 474
1.66401 474
1.66501 473
1.66601 473
1.66701 472
1.66801 472
1.66901 472
1.67001 471
1.67101 471
1.67201 470
1.67301 470
1.67401 469
1.67501 469
1.67601 469
1.67701 468
1.67801 468
1.67901 467
1.68001 467
1.68101 467
1.68201 466
1.68301 466
1.68401 465
1.68501 465
1.68601 465
1.68701 464
1.68801 464
1.68901 463
1.69001 463
1.69101 462
1.69201 462
1.69301 462
1.69401 461
1.69501 461
1.69601 460
1.69701 460
1.69801 460
1.69901 459
1.70001 459
1.70101 458
1.70201 458
1.70301 458
1.70401 457
1.70501 457
1.70601 456
1.70701 456
1.70801 456
1.70901 455
1.71001 455
1.71101 454
1.71201 454
1.71301 453
1.71401 453
1.71501 453
1.71601 452
1.71701 452
1.71801 451
1.71901 451
1.72001 451
1.72101 450
1.72201 450
1.72301 449
1.72401 449
1.72501 449
1.72601 448
1.72701 448
1.72801 447
1.72901 447
1.73001 447
1.73101 446
1.73201 446
1.73301 445
1.73401 445
1.73501 445
1.73601 444
1.73701 444
1.73801 444
1.73901 443
1.74001 443
1.74101 442
1.74201 442
1.74301 442
1.74401 441
1.74501 441
1.74601 440
1.74701 440
1.74801 440
1.74901 439
1.75001 439
1.75101 438
1.75201 438
1.75301 438
1.75401 437
1.75501 437
1.75601 436
1.75701 436
1.75801 436
1.75901 435
1.76001 435
1.76101 435
1.76201 434
1.76301 434
1.76401 433
1.76501 433
1.76601 433
1.76701 432
1.76801 432
1.76901 431
1.77001 431
1.77101 431
1.77201 430
1.77301 430
1.77401 430
1.77501 429
1.77601 429
1.77701 429
1.77801 428
1.77901 428
1.78001 427
1.78101 427
1.78201 427
1.78301 426
1.78401 426
1.78501 426
1.78601 425
1.78701 425
1.78801 424
1.78901 424
1.79001 424
1.79101 423
1.79201 423
1.79301 422
1.79401 422
1.79501 422
1.79601 421
1.79701 421
1.79801 421
1.79901 420
1.80001 420
1.80101 419
1.80201 419
1.80301 419
1.80401 418
1.80501 418
1.80601 418
1.80701 417
1.80801 417
1.80901 416
1.81001 416
1.81101 416
1.81201 415
1.81301 415
1.81401 415
1.81501 414
1.81601 414
1.81701 413
1.81801 413
1.81901 413
1.82001 412
1.82102 412
1.82202 412
1.82302 411
1.82402 411
1.82502 411
1.82602 410
1.82702 410
1.82802 409
1.82902 409
1.83002 409
1.83102 408
1.83202 408
1.83302 408
1.83402 407
1.83502 407
1.83602 407
1.83702 406
1.83802 406
1.83902 405
1.84002 405
1.84102 405
1.84202 404
1.84302 404
1.84402 403
1.84502 403
1.84602 403
1.84702 402
1.84802 402
1.84902 402
1.85002 401
1.85102 401
1.85202 401
1.85302 400
1.85402 400
1.85502 399
1.85602 399
1.85702 399
1.85802 398
1.85902 398
1.86002 398
1.86102 397
1.86202 397
1.86302 397
1.86402 396
1.86502 396
1.86602 395
1.86702 395
1.86802 395
1.86902 394
1.87002 394
1.87102 393
1.87202 393
1.87302 393
1.87402 393
1.87502 392
1.87602 392
1.87702 391
1.87802 391
1.87902 391
1.88002 390
1.88102 390
1.88202 390
1.88302 389
1.88402 389
1.88502 388
1.88602 388
1.88702 388
1.88802 388
1.88902 387
1.89002 387
1.89102 386
1.89202 386
1.89302 386
1.89402 385
1.89502 385
1.89602 385
1.89702 384
1.89802 384
1.89902 384
1.90002 383
1.90102 383
1.90202 382
1.90302 382
1.90402 382
1.90502 381
1.90602 381
1.90702 381
1.90802 380
1.90902 380
1.91002 380
1.91102 379
1.91202 379
1.91302 378
1.91402 378
1.91502 378
1.91602 377
1.91702 377
1.91802 377
1.91902 376
1.92002 376
1.92102 376
1.92202 375
1.92302 375
1.92402 374
1.92502 374
1.92602 374
1.92702 373
1.92802 373
1.92902 373
1.93002 372
1.93102 372
1.93202 372
1.93302 371
1.93402 371
1.93502 370
1.93602 370
1.93702 370
1.93802 370
1.93902 369
1.94002 369
1.94102 368
1.94202 368
1.94302 368
1.94402 367
1.94502 367
1.94602 367
1.94702 366
1.94802 366
1.94902 366
1.95002 365
1.95102 365
1.95202 364
1.95302 364
1.95402 364
1.95502 363
1.95602 363
1.95702 363
1.95802 362
1.95902 362
1.96002 362
1.96102 361
1.96202 361
1.96302 361
1.96402 360
1.96502 360
1.96602 360
1.96702 359
1.96802 359
1.96902 358
1.97002 358
1.97102 358
1.97202 357
1.97302 357
1.97402 357
1.97502 356
1.97602 356
1.97702 356
1.97802 355
1.97902 355
1.98002 354
1.98102 354
1.98202 354
1.98302 353
1.98402 353
1.98502 353
1.98602 352
1.98702 352
1.98802 352
1.98902 351
1.99002 351
1.99102 351
1.99202 350
1.99302 350
1.99402 350
1.99502 349
1.99602 349
1.99702 349
1.99802 348
1.99902 348
2.00002 347
2.00102 347
2.00202 347
2.00302 346
2.00402 346
2.00502 346
2.00602 345
2.00702 345
2.00802 345
2.00902 344
2.01002 344
2.01102 344
2.01202 343
2.01302 343
2.01402 342
2.01502 342
2.01602 342
2.01702 341
2.01802 341
2.01902 341
2.02002 340
2.02102 340
2.02202 340
2.02302 339
2.02402 339
2.02502 339
2.02602 338
2.02702 338
2.02802 338
2.02902 337
2.03002 337
2.03102 336
2.03202 336
2.03302 336
2.03402 335
2.03502 335
2.03602 334
2.03702 334
2.03802 334
2.03902 334
2.04002 333
2.04102 333
2.04202 332
2.04302 332
2.04402 332
2.04502 331
2.04602 331
2.04702 331
2.04802 330
2.04902 330
2.05002 329
2.05102 329
2.05202 329
2.05302 328
2.05402 328
2.05502 327
2.05602 327
2.05702 327
2.05802 327
2.05902 326
2.06002 326
2.06102 325
2.06202 325
2.06302 325
2.06402 324
2.06502 324
2.06602 324
2.06702 323
2.06802 323
2.06902 323
2.07002 322
2.07102 322
2.07202 321
2.07302 321
2.07402 320
2.07502 320
2.07602 320
2.07702 319
2.07802 319
2.07902 319
2.08002 318
2.08102 318
2.08202 317
2.08302 317
2.08402 317
2.08502 316
2.08602 316
2.08702 316
2.08802 315
2.08902 315
2.09002 314
2.09102 314
2.09202 314
2.09302 313
2.09402 313
2.09502 312
2.09602 312
2.09702 312
2.09802 311
2.09902 311
2.10002 310
2.10102 310
2.10202 310
2.10302 309
2.10402 309
2.10502 309
2.10602 308
2.10702 308
2.10802 307
2.10902 307
2.11002 307
2.11102 306
2.11202 306
2.11302 305
2.11402 305
2.11502 305
2.11601 304
2.11701 304
2.11801 303
2.11901 303
2.12001 303
2.12101 302
2.12201 302
2.12301 301
2.12401 301
2.12501 300
2.12601 300
2.12701 300
2.12801 299
2.12901 299
2.13001 298
2.13101 298
2.13201 298
2.13301 297
2.13401 297
2.13501 296
2.13601 296
2.13701 296
2.13801 295
2.13901 295
2.14001 294
2.14101 294
2.14201 293
2.14301 293
2.14401 292
2.14501 292
2.14601 292
2.14701 291
2.14801 291
2.14901 290
2.15001 290
2.15101 290
2.15201 289
2.15301 289
2.15401 288
2.15501 288
2.15601 287
2.15701 287
2.15801 286
2.15901 286
2.16001 285
2.16101 285
2.16201 284
2.16301 284
2.16401 283
2.16501 283
2.16601 283
2.16701 282
2.16801 282
2.16901 281
2.17001 281
2.17101 280
2.17201 280
2.17301 279
2.17401 279
2.17501 278
2.17601 278
2.17701 277
2.17801 277
2.17901 276
2.18001 276
2.18101 275
2.18201 275
2.18301 275
2.18401 274
2.18501 273
2.18601 273
2.18701 272
2.18801 272
2.18901 271
2.19001 271
2.19101 270
2.19201 270
2.19301 269
2.19401 269
2.19501 268
2.19601 268
2.19701 267
2.19801 267
2.19901 266
2.20001 266
2.20101 265
2.20201 264
2.20301 264
2.20401 263
2.20501 263
2.20601 262
2.20701 262
2.20801 261
2.20901 261
2.21001 260
2.21101 260
2.21201 259
2.21301 258
2.21401 258
2.21501 257
2.21601 257
2.21701 256
2.21801 256
2.21901 255
2.22001 254
2.22101 254
2.22201 253
2.22301 252
2.22401 252
2.22501 251
2.22601 251
2.22701 250
2.22801 250
2.22901 249
2.23001 249
2.23101 248
2.23201 247
2.23301 247
2.23401 246
2.23501 245
2.23601 245
2.23701 244
2.23801 244
2.23901 243
2.24001 242
2.24101 242
2.24201 241
2.24301 240
2.24401 240
2.24501 239
2.24601 239
2.24701 238
2.24801 237
2.24901 237
2.25001 236
2.25101 235
2.25201 235
2.25301 234
2.254 234
2.255 233
2.256 232
2.257 232
2.258 231
2.259 230
2.26 230
2.261 229
2.262 228
2.263 228
2.264 227
2.265 227
2.266 226
2.267 225
2.268 225
2.269 224
2.27 224
2.271 223
2.272 222
2.273 222
2.274 221
2.275 220
2.276 220
2.277 219
2.278 219
2.279 218
2.28 217
2.281 217
2.282 216
2.283 216
2.284 215
2.285 215
2.286 214
2.287 213
2.288 213
2.289 212
2.29 212
2.291 211
2.292 210
2.293 210
2.294 209
2.295 209
2.296 208
2.297 208
2.298 207
2.299 206
2.3 206
2.301 205
2.302 205
2.303 204
2.304 204
2.305 203
2.306 203
2.307 202
2.308 202
2.309 201
2.31 201
2.311 200
2.312 199
2.313 199
2.314 198
2.315 198
2.316 197
2.317 197
2.318 196
2.319 196
2.32 195
2.321 195
2.322 194
2.323 194
2.324 193
2.325 193
2.326 193
2.327 192
2.328 192
2.329 191
2.33 191
2.331 190
2.332 190
2.333 189
2.334 189
2.335 188
2.336 188
2.337 187
2.338 187
2.339 186
2.34 186
2.341 186
2.342 185
2.343 185
2.344 184
2.345 184
2.346 183
2.347 183
2.348 183
2.349 182
2.35 182
2.351 181
2.352 181
2.353 180
2.354 180
2.355 180
2.356 179
2.357 179
2.358 178
2.359 178
2.36 178
2.361 177
2.362 177
2.363 176
2.364 176
2.365 176
2.366 175
2.367 175
2.368 175
2.369 174
2.37 174
2.371 173
2.372 173
2.373 268
2.374 172
2.375 268
2.376 268
2.377 268
2.378 268
2.379 170
2.38 268
2.381 268
2.382 268
2.383 268
2.384 268
2.385 268
2.386 268
2.387 268
2.388 267
2.389 267
2.39 267
2.391 267
2.39199 267
2.39299 267
2.39399 267
2.39499 267
2.39599 267
2.39699 267
2.39799 267
2.39899 267
2.39999 267
2.40099 267
2.40199 267
2.40299 267
2.40399 267
2.40499 267
2.40599 266
2.40699 266
2.40799 266
2.40899 266
2.40999 266
2.41099 266
2.41199 266
2.41299 266
2.41399 266
2.41499 266
2.41599 266
2.41699 266
2.41799 266
2.41899 266
2.41999 265
2.42099 265
2.42199 265
2.42299 265
2.42399 265
2.42499 265
2.42599 265
2.42699 265
2.42799 265
2.42899 265
2.42999 265
2.43099 265
2.43199 264
2.43299 264
2.43399 264
2.43499 264
2.43599 264
2.43699 264
2.43799 264
2.43899 264
2.43999 264
2.44099 264
2.44199 263
2.44299 263
2.44399 263
2.44499 263
2.44599 263
2.44699 263
2.44799 263
2.44899 263
2.44999 263
2.45099 262
2.45199 262
2.45299 262
2.45399 262
2.45499 262
2.45599 262
2.45699 262
2.45799 262
2.45899 262
2.45999 262
2.46099 261
2.46199 262
2.46299 261
2.46399 261
2.46499 261
2.46599 261
2.46699 261
2.46799 261
2.46899 261
2.46999 260
2.47099 260
2.47199 260
2.47299 260
2.47399 260
2.47499 260
2.47599 260
2.47699 260
2.47799 260
2.47899 259
2.47999 259
2.48099 259
2.48199 259
2.48299 259
2.48399 259
2.48499 259
2.48599 259
2.48699 258
2.48799 258
2.48899 258
2.48999 258
2.49099 258
2.49199 258
2.49299 258
2.49399 258
2.49499 258
2.49599 257
2.49699 257
2.49799 257
2.49899 257
2.49999 257
2.50099 257
2.50199 257
2.50299 257
2.50399 256
2.50499 256
2.50599 256
2.50699 256
2.50799 256
2.50899 256
2.50999 256
2.51099 256
2.51199 255
2.51299 255
2.51399 255
2.51499 255
2.51599 255
2.51699 255
2.51799 255
2.51899 254
2.51999 254
2.52099 254
2.52199 254
2.52299 254
2.52399 254
2.52499 254
2.52599 253
2.52699 253
2.52799 253
2.52899 253
2.52998 253
2.53098 253
2.53198 253
2.53298 253
2.53398 252
2.53498 252
2.53598 252
2.53698 252
2.53798 252
2.53898 252
2.53998 252
2.54098 252
2.54198 251
2.54298 251
2.54398 251
2.54498 251
2.54598 251
2.54698 251
2.54798 251
2.54898 250
2.54998 250
2.55098 250
2.55198 250
2.55298 250
2.55398 250
2.55498 250
2.55598 249
2.55698 249
2.55798 249
2.55898 249
2.55998 249
2.56098 249
2.56198 249
2.56298 248
2.56398 248
2.56498 248
2.56598 248
2.56698 248
2.56798 248
2.56898 248
2.56998 247
2.57098 247
2.57198 247
2.57298 247
2.57398 247
2.57498 247
2.57598 246
2.57698 246
2.57798 246
2.57898 246
2.57998 246
2.58098 246
2.58198 246
2.58298 246
2.58398 246
2.58498 245
2.58598 245
2.58698 245
2.58798 245
2.58898 245
2.58998 244
2.59098 244
2.59198 244
2.59298 244
2.59398 244
2.59498 244
2.59598 244
2.59698 244
2.59798 243
2.59898 243
2.59998 243
2.60098 243
2.60198 243
2.60298 242
2.60398 242
2.60498 242
2.60598 242
2.60698 242
2.60798 242
2.60898 242
2.60998 242
2.61098 241
2.61198 241
2.61298 241
2.61398 241
2.61498 241
2.61598 241
2.61698 240
2.61798 240
2.61898 240
2.61998 240
2.62098 240
2.62198 240
2.62298 240
2.62398 239
2.62498 239
2.62598 239
2.62698 239
2.62798 239
2.62898 239
2.62998 239
2.63098 238
2.63198 238
2.63298 238
2.63398 238
2.63498 238
2.63598 238
2.63698 237
2.63798 237
2.63898 237
2.63998 237
2.64098 237
2.64198 237
2.64298 237
2.64398 236
2.64498 236
2.64598 236
2.64698 236
2.64798 236
2.64898 236
2.64998 236
2.65098 235
2.65198 235
2.65298 235
2.65398 235
2.65498 235
2.65598 234
2.65698 234
2.65798 234
2.65898 234
2.65998 234
2.66098 234
2.66198 234
2.66298 233
2.66398 233
2.66498 233
2.66598 233
2.66698 233
2.66797 233
2.66897 232
2.66997 232
2.67097 232
2.67197 232
2.67297 232
2.67397 232
2.67497 232
2.67597 231
2.67697 231
2.67797 231
2.67897 231
2.67997 231
2.68097 231
2.68197 231
2.68297 230
2.68397 230
2.68497 230
2.68597 230
2.68697 230
2.68797 230
2.68897 229
2.68997 229
2.69097 229
2.69197 229
2.69297 229
2.69397 229
2.69497 229
2.69597 228
2.69697 228
2.69797 228
2.69897 228
2.69997 228
2.70097 228
2.70197 227
2.70297 227
2.70397 227
2.70497 227
2.70597 227
2.70697 227
2.70797 227
2.70897 226
2.70997 226
2.71097 226
2.71197 226
2.71297 226
2.71397 226
2.71497 226
2.71597 225
2.71697 225
2.71797 225
2.71897 225
2.71997 225
2.72097 225
2.72197 224
2.72297 224
2.72397 224
2.72497 224
2.72597 224
2.72697 224
2.72797 224
2.72897 223
2.72997 223
2.73097 223
2.73197 223
2.73297 223
2.73397 223
2.73497 222
2.73597 222
2.73697 222
2.73797 222
2.73897 222
2.73997 222
2.74097 222
2.74197 221
2.74297 221
2.74397 221
2.74497 221
2.74597 221
2.74697 221
2.74797 221
2.74897 220
2.74997 220
2.75097 220
2.75197 220
2.75297 220
2.75397 220
2.75497 220
2.75597 219
2.75697 219
2.75797 219
2.75897 219
2.75997 219
2.76097 219
2.76197 218
2.76297 218
2.76397 218
2.76497 218
2.76597 218
2.76697 218
2.76797 218
2.76897 217
2.76997 217
2.77097 217
2.77197 217
2.77297 217
2.77397 217
2.77497 217
2.77597 216
2.77697 216
2.77797 216
2.77897 216
2.77997 216
2.78097 216
2.78197 216
2.78297 215
2.78397 215
2.78497 215
2.78597 215
2.78697 215
2.78797 215
2.78897 215
2.78997 214
2.79097 214
2.79197 214
2.79297 214
2.79397 214
2.79497 214
2.79597 214
2.79697 213
2.79797 213
2.79897 213
2.79997 213
2.80097 213
2.80197 213
2.80297 213
2.80397 212
2.80497 212
2.80596 212
2.80696 212
2.80796 212
2.80896 212
2.80996 212
2.81096 211
2.81196 211
2.81296 211
2.81396 211
2.81496 211
2.81596 211
2.81696 211
2.81796 210
2.81896 210
2.81996 210
2.82096 210
2.82196 210
2.82296 210
2.82396 210
2.82496 210
2.82596 209
2.82696 209
2.82796 209
2.82896 209
2.82996 209
2.83096 209
2.83196 209
2.83296 208
2.83396 208
2.83496 208
2.83596 208
2.83696 208
2.83796 208
2.83896 208
2.83996 208
2.84096 207
2.84196 207
2.84296 207
2.84396 207
2.84496 207
2.84596 207
2.84696 207
2.84796 206
2.84896 206
2.84996 206
2.85096 206
2.85196 206
2.85296 206
2.85396 206
2.85496 206
2.85596 205
2.85696 205
2.85796 205
2.85896 205
2.85996 205
2.86096 205
2.86196 205
2.86296 204
2.86396 204
2.86496 204
2.86596 204
2.86696 204
2.86796 204
2.86896 204
2.86996 204
2.87096 203
2.87196 203
2.87296 203
2.87396 203
2.87496 203
2.87596 203
2.87696 203
2.87796 203
2.87896 202
2.87996 202
2.88096 202
2.88196 202
2.88296 202
2.88396 202
2.88496 202
2.88596 201
2.88696 201
2.88796 201
2.88896 201
2.88996 201
2.89096 201
2.89196 201
2.89296 201
2.89396 201
2.89496 200
2.89596 200
2.89696 200
2.89796 200
2.89896 200
2.89996 200
2.90096 200
2.90196 199
2.90296 199
2.90396 199
2.90496 199
2.90596 199
2.90696 199
2.90796 199
2.90896 199
2.90996 199
2.91096 198
2.91196 198
2.91296 198
2.91396 198
2.91496 198
2.91596 198
2.91696 198
2.91796 198
2.91896 197
2.91996 197
2.92096 197
2.92196 197
2.92296 197
2.92396 197
2.92496 197
2.92596 197
2.92696 196
2.92796 196
2.92896 196
2.92996 196
2.93096 196
2.93196 196
2.93296 196
2.93396 196
2.93496 196
2.93596 195
2.93696 195
2.93796 195
2.93896 195
2.93996 195
2.94096 195
2.94196 195
2.94296 195
2.94395 194
2.94495 194
2.94595 194
2.94695 194
2.94795 194
2.94895 194
2.94995 194
2.95095 194
2.95195 194
2.95295 193
2.95395 193
2.95495 193
2.95595 193
2.95695 193
2.95795 193
2.95895 193
2.95995 193
2.96095 192
2.96195 192
2.96295 192
2.96395 192
2.96495 192
2.96595 192
2.96695 192
2.96795 192
2.96895 192
2.96995 191
2.97095 191
2.97195 191
2.97295 191
2.97395 191
2.97495 191
2.97595 191
2.97695 191
2.97795 191
2.97895 190
2.97995 190
2.98095 190
2.98195 190
2.98295 190
2.98395 190
2.98495 190
2.98595 190
2.98695 190
2.98795 189
2.98895 189
2.98995 189
2.99095 189
2.99195 189
2.99295 189
2.99395 189
2.99495 189
2.99595 189
2.99695 188
2.99795 188
2.99895 188
2.99995 188
3.00095 188
3.00195 188
3.00295 188
3.00395 188
3.00495 188
3.00595 188
3.00695 187
3.00795 187
3.00895 187
3.00995 187
3.01095 187
3.01195 187
3.01295 187
3.01395 187
3.01495 187
3.01595 186
3.01695 186
3.01795 186
3.01895 186
3.01995 186
3.02095 186
3.02195 186
3.02295 186
3.02395 186
3.02495 186
3.02595 185
3.02695 185
3.02795 185
3.02895 185
3.02995 185
3.03095 185
3.03195 185
3.03295 185
3.03395 185
3.03495 185
3.03595 184
3.03695 184
3.03795 184
3.03895 184
3.03995 184
3.04095 184
3.04195 184
3.04295 184
3.04395 184
3.04495 183
3.04595 183
3.04695 183
3.04795 183
3.04895 183
3.04995 183
3.05095 183
3.05195 183
3.05295 183
3.05395 183
3.05495 182
3.05595 182
3.05695 182
3.05795 182
3.05895 182
3.05995 182
3.06095 182
3.06195 182
3.06295 182
3.06395 182
3.06495 182
3.06595 181
3.06695 181
3.06795 181
3.06895 181
3.06995 181
3.07095 181
3.07195 181
3.07295 181
3.07395 181
3.07495 181
3.07595 180
3.07695 180
3.07795 180
3.07895 180
3.07995 180
3.08095 180
3.08194 180
3.08294 180
3.08394 180
3.08494 252
3.08594 179
3.08694 179
3.08794 179
3.08894 179
3.08994 179
3.09094 179
3.09194 179
3.09294 179
3.09394 251
3.09494 251
3.09594 251
3.09694 178
3.09794 178
3.09894 178
3.09994 178
3.10094 178
3.10194 178
3.10294 178
3.10394 251
3.10494 251
3.10594 251
3.10694 251
3.10794 177
3.10894 177
3.10994 177
3.11094 177
3.11194 177
3.11294 250
3.11394 250
3.11494 250
3.11594 250
3.11694 250
3.11794 250
3.11894 176
3.11994 176
3.12094 176
3.12194 176
3.12294 250
3.12394 250
3.12494 250
3.12594 250
3.12694 250
3.12794 250
3.12894 249
3.12994 175
3.13094 175
3.13194 175
3.13294 249
3.13394 249
3.13494 249
3.13594 249
3.13694 249
3.13794 249
3.13894 249
3.13994 249
3.14094 174
3.14194 174
3.14294 174
3.14394 249
3.14494 249
3.14594 249
3.14694 249
3.14794 248
3.14894 248
3.14994 248
3.15094 248
3.15194 248
3.15294 173
3.15394 248
3.15494 248
3.15594 248
3.15694 248
3.15794 248
3.15894 248
3.15994 248
3.16094 248
3.16194 248
3.16294 248
3.16394 247
3.16494 247
3.16594 247
3.16694 247
3.16794 247
3.16894 247
3.16994 247
3.17094 247
3.17194 247
3.17294 247
3.17394 247
3.17494 247
3.17594 247
3.17694 247
3.17794 247
3.17894 247
3.17994 246
3.18094 246
3.18194 246
3.18294 246
3.18394 246
3.18494 246
3.18594 246
3.18694 246
3.18794 246
3.18894 246
3.18994 246
3.19094 246
3.19194 246
3.19294 246
3.19394 246
3.19494 245
3.19594 245
3.19694 245
3.19794 245
3.19894 245
3.19994 245
3.20094 245
3.20194 245
3.20294 245
3.20394 245
3.20494 245
3.20594 245
3.20694 245
3.20794 245
3.20894 245
3.20994 245
3.21094 244
3.21194 244
3.21294 244
3.21394 244
3.21494 244
3.21594 244
3.21694 244
3.21794 244
3.21894 244
3.21993 244
3.22093 244
3.22193 244
3.22293 244
3.22393 244
3.22493 244
3.22593 244
3.22693 244
3.22793 243
3.22893 243
3.22993 243
3.23093 243
3.23193 243
3.23293 243
3.23393 243
3.23493 243
3.23593 243
3.23693 243
3.23793 243
3.23893 243
3.23993 243
3.24093 243
3.24193 243
3.24293 243
3.24393 243
3.24493 242
3.24593 242
3.24693 242
3.24793 242
3.24893 242
3.24993 242
3.25093 242
3.25193 242
3.25293 242
3.25393 242
3.25493 242
3.25593 242
3.25693 242
3.25793 242
3.25893 241
3.25993 241
3.26093 241
3.26193 241
3.26293 241
3.26393 241
3.26493 241
3.26593 241
3.26693 241
3.26793 241
3.26893 241
3.26993 241
3.27093 241
3.27193 241
3.27293 241
3.27393 241
3.27493 241
3.27593 240
3.27693 240
3.27793 240
3.27893 240
3.27993 240
3.28093 240
3.28193 240
3.28293 240
3.28393 240
3.28493 240
3.28593 240
3.28693 240
3.28793 240
3.28893 240
3.28993 240
3.29093 239
3.29193 239
3.29293 239
3.29393 239
3.29493 239
3.29593 239
3.29693 239
3.29793 239
3.29893 239
3.29993 239
3.30093 239
3.30193 239
3.30293 239
3.30393 239
3.30493 239
3.30593 238
3.30693 238
3.30793 238
3.30893 238
3.30993 238
3.31093 238
3.31193 238
3.31293 238
3.31393 238
3.31493 238
3.31593 238
3.31693 238
3.31793 238
3.31893 238
3.31993 238
3.32093 238
3.32193 238
3.32293 237
3.32393 237
3.32493 237
3.32593 237
3.32693 237
3.32793 237
3.32893 237
3.32993 237
3.33093 237
3.33193 237
3.33293 237
3.33393 237
3.33493 237
3.33593 237
3.33693 236
3.33793 236
3.33893 236
3.33993 236
3.34093 236
3.34193 236
3.34293 236
3.34393 236
3.34493 236
3.34593 236
3.34693 236
3.34793 236
3.34893 236
3.34993 236
3.35093 236
3.35193 235
3.35293 235
3.35393 235
3.35493 235
3.35593 235
3.35693 235
3.35792 235
3.35892 235
3.35992 235
3.36092 235
3.36192 235
3.36292 235
3.36392 235
3.36492 235
3.36592 235
3.36692 234
3.36792 234
3.36892 234
3.36992 234
3.37092 234
3.37192 234
3.37292 234
3.37392 234
3.37492 234
3.37592 234
3.37692 234
3.37792 234
3.37892 234
3.37992 234
3.38092 234
3.38192 234
3.38292 233
3.38392 233
3.38492 233
3.38592 233
3.38692 233
3.38792 233
3.38892 233
3.38992 233
3.39092 233
3.39192 233
3.39292 233
3.39392 233
3.39492 233
3.39592 233
3.39692 232
3.39792 232
3.39892 232
3.39992 232
3.40092 232
3.40192 232
3.40292 232
3.40392 232
3.40492 232
3.40592 232
3.40692 232
3.40792 232
3.40892 232
3.40992 232
3.41092 232
3.41192 232
3.41292 231
3.41392 231
3.41492 231
3.41592 231
3.41692 231
3.41792 231
3.41892 231
3.41992 231
3.42092 231
3.42192 231
3.42292 231
3.42392 231
3.42492 231
3.42592 231
3.42692 231
3.42792 230
3.42892 230
3.42992 230
3.43092 230
3.43192 230
3.43292 230
3.43392 230
3.43492 230
3.43592 230
3.43692 230
3.43792 230
3.43892 230
3.43992 230
3.44092 230
3.44192 230
3.44292 229
3.44392 229
3.44492 229
3.44592 229
3.44692 229
3.44792 229
3.44892 229
3.44992 229
3.45092 229
3.45192 229
3.45292 229
3.45392 229
3.45492 229
3.45592 229
3.45692 229
3.45792 229
3.45892 228
3.45992 228
3.46092 228
3.46192 228
3.46292 228
3.46392 228
3.46492 228
3.46592 228
3.46692 228
3.46792 228
3.46892 228
3.46992 228
3.47092 228
3.47192 228
3.47292 228
3.47392 227
3.47492 227
3.47592 227
3.47692 227
3.47792 227
3.47892 227
3.47992 227
3.48092 227
3.48192 227
3.48292 227
3.48392 227
3.48492 227
3.48592 227
3.48692 227
3.48792 227
3.48892 227
3.48992 226
3.49092 226
3.49192 226
3.49292 226
3.49392 226
3.49492 226
3.49591 226
3.49691 226
3.49791 226
3.49891 226
3.49991 226
3.50091 226
3.50191 226
3.50291 226
3.50391 225
3.50491 225
3.50591 225
3.50691 225
3.50791 225
3.50891 225
3.50991 225
3.51091 225
3.51191 225
3.51291 225
3.51391 225
3.51491 225
3.51591 225
3.51691 225
3.51791 225
3.51891 225
3.51991 224
3.52091 224
3.52191 224
3.52291 224
3.52391 224
3.52491 224
3.52591 224
3.52691 224
3.52791 224
3.52891 224
3.52991 224
3.53091 224
3.53191 224
3.53291 224
3.53391 224
3.53491 224
3.53591 223
3.53691 223
3.53791 223
3.53891 223
3.53991 223
3.54091 223
3.54191 223
3.54291 223
3.54391 223
3.54491 223
3.54591 223
3.54691 223
3.54791 223
3.54891 223
3.54991 223
3.55091 222
3.55191 222
3.55291 222
3.55391 222
3.55491 222
3.55591 222
3.55691 222
3.55791 222
3.55891 222
3.55991 222
3.56091 222
3.56191 222
3.56291 222
3.56391 222
3.56491 222
3.56591 222
3.56691 221
3.56791 221
3.56891 221
3.56991 221
3.57091 221
3.57191 221
3.57291 221
3.57391 221
3.57491 221
3.57591 221
3.57691 221
3.57791 221
3.57891 221
3.57991 221
3.58091 221
3.58191 221
3.58291 220
3.58391 220
3.58491 220
3.58591 220
3.58691 220
3.58791 220
3.58891 220
3.58991 220
3.59091 220
3.59191 220
3.59291 220
3.59391 220
3.59491 220
3.59591 220
3.59691 220
3.59791 220
3.59891 220
3.59991 219
3.60091 219
3.60191 219
3.60291 219
3.60391 219
3.60491 219
3.60591 219
3.60691 219
3.60791 219
3.60891 219
3.60991 219
3.61091 219
3.61191 219
3.61291 219
3.61391 219
3.61491 218
3.61591 218
3.61691 218
3.61791 218
3.61891 218
3.61991 218
3.62091 218
3.62191 218
3.62291 218
3.62391 218
3.62491 218
3.62591 218
3.62691 218
3.62791 218
3.62891 218
3.62991 218
3.63091 217
3.63191 217
3.63291 217
3.6339 217
3.6349 217
3.6359 217
3.6369 217
3.6379 217
3.6389 217
3.6399 217
3.6409 217
3.6419 217
3.6429 217
3.6439 217
3.6449 217
3.6459 217
3.6469 217
3.6479 216
3.6489 216
3.6499 216
3.6509 216
3.6519 216
3.6529 216
3.6539 216
3.6549 216
3.6559 216
3.6569 216
3.6579 216
3.6589 216
3.6599 216
3.6609 216
3.6619 216
3.6629 216
3.6639 215
3.6649 215
3.6659 215
3.6669 215
3.6679 215
3.6689 215
3.6699 215
3.6709 215
3.6719 215
3.6729 215
3.6739 215
3.6749 215
3.6759 215
3.6769 215
3.6779 215
3.6789 215
3.6799 214
3.6809 214
3.6819 214
3.6829 214
3.6839 214
3.6849 214
3.6859 214
3.6869 214
3.6879 214
3.6889 214
3.6899 214
3.6909 214
3.6919 214
3.6929 214
3.6939 214
3.6949 214
3.6959 214
3.6969 213
3.6979 213
3.6989 213
3.6999 213
3.7009 213
3.7019 213
3.7029 213
3.7039 213
3.7049 213
3.7059 213
3.7069 213
3.7079 213
3.7089 213
3.7099 213
3.7109 213
3.7119 213
3.7129 213
3.7139 212
3.7149 212
3.7159 212
3.7169 212
3.7179 212
3.7189 212
3.7199 212
3.7209 212
3.7219 212
3.7229 212
3.7239 212
3.7249 212
3.7259 212
3.7269 212
3.7279 212
3.7289 212
3.7299 212
3.7309 211
3.7319 211
3.7329 211
3.7339 211
3.7349 211
3.7359 211
3.7369 211
3.7379 211
3.7389 211
3.7399 211
3.7409 211
3.7419 211
3.7429 211
3.7439 211
3.7449 211
3.7459 211
3.7469 211
3.7479 211
3.7489 210
3.7499 210
3.7509 210
3.7519 210
3.7529 210
3.7539 210
3.7549 210
3.7559 210
3.7569 210
3.7579 210
3.7589 210
3.7599 210
3.7609 210
3.7619 210
3.7629 210
3.7639 210
3.7649 210
3.7659 209
3.7669 209
3.7679 209
3.7689 209
3.7699 209
3.7709 209
3.77189 209
3.77289 209
3.77389 209
3.77489 209
3.77589 209
3.77689 209
3.77789 209
3.77889 209
3.77989 209
3.78089 209
3.78189 209
3.78289 208
3.78389 208
3.78489 208
3.78589 208
3.78689 208
3.78789 208
3.78889 208
3.78989 208
3.79089 208
3.79189 208
3.79289 208
3.79389 208
3.79489 208
3.79589 208
3.79689 208
3.79789 208
3.79889 208
3.79989 208
3.80089 207
3.80189 207
3.80289 207
3.80389 207
3.80489 207
3.80589 207
3.80689 207
3.80789 207
3.80889 207
3.80989 207
3.81089 207
3.81189 207
3.81289 207
3.81389 207
3.81489 207
3.81589 207
3.81689 207
3.81789 207
3.81889 207
3.81989 206
3.82089 206
3.82189 206
3.82289 206
3.82389 206
3.82489 206
3.82589 206
3.82689 206
3.82789 206
3.82889 206
3.82989 206
3.83089 206
3.83189 206
3.83289 206
3.83389 206
3.83489 206
3.83589 206
3.83689 206
3.83789 205
3.83889 205
3.83989 205
3.84089 205
3.84189 205
3.84289 205
3.84389 205
3.84489 205
3.84589 205
3.84689 205
3.84789 205
3.84889 205
3.84989 205
3.85089 205
3.85189 205
3.85289 205
3.85389 205
3.85489 205
3.85589 204
3.85689 204
3.85789 204
3.85889 204
3.85989 204
3.86089 204
3.86189 204
3.86289 204
3.86389 204
3.86489 204
3.86589 204
3.86689 204
3.86789 204
3.86889 204
3.86989 204
3.87089 204
3.87189 204
3.87289 204
3.87389 204
3.87489 203
3.87589 203
3.87689 203
3.87789 203
3.87889 203
3.87989 203
3.88089 203
3.88189 203
3.88289 203
3.88389 203
3.88489 203
3.88589 203
3.88689 203
3.88789 203
3.88889 203
3.88989 203
3.89089 203
3.89189 203
3.89289 202
3.89389 202
3.89489 202
3.89589 202
3.89689 202
3.89789 202
3.89889 202
3.89989 202
3.90089 202
3.90189 202
3.90289 202
3.90389 202
3.90489 202
3.90589 202
3.90689 202
3.90789 202
3.90889 202
3.90988 202
3.91088 202
3.91188 202
3.91288 201
3.91388 201
3.91488 201
3.91588 201
3.91688 201
3.91788 201
3.91888 201
3.91988 201
3.92088 201
3.92188 201
3.92288 201
3.92388 201
3.92488 201
3.92588 201
3.92688 201
3.92788 201
3.92888 201
3.92988 201
3.93088 201
3.93188 200
3.93288 200
3.93388 200
3.93488 200
3.93588 200
3.93688 200
3.93788 200
3.93888 200
3.93988 200
3.94088 200
3.94188 200
3.94288 200
3.94388 200
3.94488 200
3.94588 200
3.94688 200
3.94788 200
3.94888 200
3.94988 200
3.95088 199
3.95188 199
3.95288 199
3.95388 199
3.95488 199
3.95588 199
3.95688 199
3.95788 199
3.95888 199
3.95988 199
3.96088 199
3.96188 199
3.96288 199
3.96388 199
3.96488 199
3.96588 199
3.96688 199
3.96788 199
3.96888 199
3.96988 199
3.97088 198
3.97188 198
3.97288 198
3.97388 198
3.97488 198
3.97588 198
3.97688 198
3.97788 198
3.97888 198
3.97988 198
3.98088 198
3.98188 198
3.98288 198
3.98388 198
3.98488 198
3.98588 198
3.98688 198
3.98788 198
3.98888 198
3.98988 198
3.99088 197
3.99188 197
3.99288 197
3.99388 197
3.99488 197
3.99588 197
3.99688 197
3.99788 197
3.99888 197
3.99988 197
4.00088 197
4.00188 197
4.00288 197
4.00388 197
4.00488 197
4.00588 197
4.00688 197
4.00788 197
4.00888 197
4.00988 197
4.01088 196
4.01188 196
4.01288 196
4.01388 196
4.01488 196
4.01588 196
4.01688 196
4.01788 196
4.01888 196
4.01988 196
4.02088 196
4.02188 196
4.02288 196
4.02388 196
4.02488 196
4.02588 196
4.02688 196
4.02788 196
4.02888 196
4.02988 196
4.03088 196
4.03188 195
4.03288 195
4.03388 195
4.03488 195
4.03588 195
4.03688 195
4.03788 195
4.03888 195
4.03988 195
4.04088 195
4.04188 195
4.04288 195
4.04388 195
4.04488 195
4.04588 195
4.04688 195
4.04787 195
4.04887 195
4.04987 195
4.05087 248
4.05187 248
4.05287 194
4.05387 194
4.05487 194
4.05587 194
4.05687 194
4.05787 194
4.05887 194
4.05987 194
4.06087 194
4.06187 194
4.06287 194
4.06387 194
4.06487 194
4.06587 194
4.06687 194
4.06787 247
4.06887 247
4.06987 247
4.07087 247
4.07187 247
4.07287 247
4.07387 193
4.07487 193
4.07587 193
4.07687 193
4.07787 193
4.07887 193
4.07987 193
4.08087 193
4.08187 193
4.08287 193
4.08387 193
4.08487 247
4.08587 247
4.08687 247
4.08787 247
4.08887 247
4.08987 247
4.09087 247
4.09187 246
4.09287 246
4.09387 246
4.09487 246
4.09587 192
4.09687 192
4.09787 192
4.09887 192
4.09987 192
4.10087 192
4.10187 192
4.10287 246
4.10387 246
4.10487 246
4.10587 246
4.10687 246
4.10787 246
4.10887 246
4.10987 246
4.11087 246
4.11187 246
4.11287 246
4.11387 246
4.11487 246
4.11587 246
4.11687 246
4.11787 191
4.11887 191
4.11987 191
4.12087 246
4.12187 246
4.12287 246
4.12387 245
4.12487 245
4.12587 245
4.12687 245
4.12787 245
4.12887 245
4.12987 245
4.13087 245
4.13187 245
4.13287 245
4.13387 245
4.13487 245
4.13587 245
4.13687 245
4.13787 245
4.13887 245
4.13987 245
4.14087 245
4.14187 245
4.14287 245
4.14387 245
4.14487 245
4.14587 245
4.14687 245
4.14787 245
4.14887 245
4.14987 245
4.15087 245
4.15187 245
4.15287 244
4.15387 244
4.15487 244
4.15587 244
4.15687 244
4.15787 244
4.15887 244
4.15987 244
4.16087 244
4.16187 244
4.16287 244
4.16387 244
4.16487 244
4.16587 244
4.16687 244
4.16787 244
4.16887 244
4.16987 244
4.17087 244
4.17187 244
4.17287 244
4.17387 244
4.17487 244
4.17587 244
4.17687 244
4.17787 244
4.17887 244
4.17987 244
4.18087 243
4.18187 243
4.18287 243
4.18387 243
4.18486 243
4.18586 243
4.18686 243
4.18786 243
4.18886 243
4.18986 243
4.19086 243
4.19186 243
4.19286 243
4.19386 243
4.19486 243
4.19586 243
4.19686 243
4.19786 243
4.19886 243
4.19986 243
4.20086 243
4.20186 243
4.20286 243
4.20386 243
4.20486 243
4.20586 243
4.20686 243
4.20786 243
4.20886 243
4.20986 243
4.21086 243
4.21186 242
4.21286 242
4.21386 242
4.21486 242
4.21586 242
4.21686 242
4.21786 242
4.21886 242
4.21986 242
4.22086 242
4.22186 242
4.22286 242
4.22386 242
4.22486 242
4.22586 242
4.22686 242
4.22786 242
4.22886 242
4.22986 242
4.23086 242
4.23186 242
4.23286 242
4.23386 242
4.23486 242
4.23586 242
4.23686 242
4.23786 242
4.23886 242
4.23986 241
4.24086 241
4.24186 241
4.24286 241
4.24386 241
4.24486 241
4.24586 241
4.24686 241
4.24786 241
4.24886 241
4.24986 241
4.25086 241
4.25186 241
4.25286 241
4.25386 241
4.25486 241
4.25586 241
4.25686 241
4.25786 241
4.25886 241
4.25986 241
4.26086 241
4.26186 241
4.26286 241
4.26386 241
4.26486 241
4.26586 241
4.26686 241
4.26786 241
4.26886 240
4.26986 240
4.27086 240
4.27186 240
4.27286 240
4.27386 240
4.27486 240
4.27586 240
4.27686 240
4.27786 240
4.27886 240
4.27986 240
4.28086 240
4.28186 240
4.28286 240
4.28386 240
4.28486 240
4.28586 240
4.28686 240
4.28786 240
4.28886 240
4.28986 240
4.29086 240
4.29186 240
4.29286 240
4.29386 240
4.29486 240
4.29586 240
4.29686 240
4.29786 240
4.29886 239
4.29986 239
4.30086 239
4.30186 239
4.30286 239
4.30386 239
4.30486 239
4.30586 239
4.30686 239
4.30786 239
4.30886 239
4.30986 239
4.31086 239
4.31186 239
4.31286 239
4.31386 239
4.31486 239
4.31586 239
4.31686 239
4.31786 239
4.31886 239
4.31986 239
4.32086 239
4.32186 239
4.32285 239
4.32385 239
4.32485 239
4.32585 239
4.32685 238
4.32785 238
4.32885 238
4.32985 238
4.33085 238
4.33185 238
4.33285 238
4.33385 238
4.33485 238
4.33585 238
4.33685 238
4.33785 238
4.33885 238
4.33985 238
4.34085 238
4.34185 238
4.34285 238
4.34385 238
4.34485 238
4.34585 238
4.34685 238
4.34785 238
4.34885 238
4.34985 238
4.35085 238
4.35185 238
4.35285 237
4.35385 237
4.35485 237
4.35585 237
4.35685 237
4.35785 237
4.35885 237
4.35985 237
4.36085 237
4.36185 237
4.36285 237
4.36385 237
4.36485 237
4.36585 237
4.36685 237
4.36785 237
4.36885 237
4.36985 237
4.37085 237
4.37185 237
4.37285 237
4.37385 237
4.37485 237
4.37585 237
4.37685 237
4.37785 237
4.37885 237
4.37985 237
4.38085 237
4.38185 236
4.38285 236
4.38385 236
4.38485 236
4.38585 236
4.38685 236
4.38785 236
4.38885 236
4.38985 236
4.39085 236
4.39185 236
4.39285 236
4.39385 236
4.39485 236
4.39585 236
4.39685 236
4.39785 236
4.39885 236
4.39985 236
4.40085 236
4.40185 236
4.40285 236
4.40385 236
4.40485 236
4.40585 236
4.40685 236
4.40785 236
4.40885 236
4.40985 235
4.41085 235
4.41185 235
4.41285 235
4.41385 235
4.41485 235
4.41585 235
4.41685 235
4.41785 235
4.41885 235
4.41985 235
4.42085 235
4.42185 235
4.42285 235
4.42385 235
4.42485 235
4.42585 235
4.42685 235
4.42785 235
4.42885 235
4.42985 235
4.43085 235
4.43185 235
4.43285 235
4.43385 235
4.43485 235
4.43585 235
4.43685 235
4.43785 234
4.43885 234
4.43985 234
4.44085 234
4.44185 234
4.44285 234
4.44385 234
4.44485 234
4.44585 234
4.44685 234
4.44785 234
4.44885 234
4.44985 234
4.45085 234
4.45185 234
4.45285 234
4.45385 234
4.45485 234
4.45585 234
4.45685 234
4.45785 234
4.45885 234
4.45985 234
4.46084 234
4.46184 234
4.46284 234
4.46384 234
4.46484 233
4.46584 233
4.46684 233
4.46784 233
4.46884 233
4.46984 233
4.47084 233
4.47184 233
4.47284 233
4.47384 233
4.47484 233
4.47584 233
4.47684 233
4.47784 233
4.47884 233
4.47984 233
4.48084 233
4.48184 233
4.48284 233
4.48384 233
4.48484 233
4.48584 233
4.48684 233
4.48784 233
4.48884 233
4.48984 233
4.49084 233
4.49184 233
4.49284 233
4.49384 232
4.49484 232
4.49584 232
4.49684 232
4.49784 232
4.49884 232
4.49984 232
4.50084 232
4.50184 232
4.50284 232
4.50384 232
4.50484 232
4.50584 232
4.50684 232
4.50784 232
4.50884 232
4.50984 232
4.51084 232
4.51184 232
4.51284 232
4.51384 232
4.51484 232
4.51584 232
4.51684 232
4.51784 232
4.51884 232
4.51984 232
4.52084 232
4.52184 231
4.52284 231
4.52384 231
4.52484 231
4.52584 231
4.52684 231
4.52784 231
4.52884 231
4.52984 231
4.53084 231
4.53184 231
4.53284 231
4.53384 231
4.53484 231
4.53584 231
4.53684 231
4.53784 231
4.53884 231
4.53984 231
4.54084 231
4.54184 231
4.54284 231
4.54384 231
4.54484 231
4.54584 231
4.54684 231
4.54784 231
4.54884 231
4.54984 230
4.55084 230
4.55184 230
4.55284 230
4.55384 230
4.55484 230
4.55584 230
4.55684 230
4.55784 230
4.55884 230
4.55984 230
4.56084 230
4.56184 230
4.56284 230
4.56384 230
4.56484 230
4.56584 230
4.56684 230
4.56784 230
4.56884 230
4.56984 230
4.57084 230
4.57184 230
4.57284 230
4.57384 230
4.57484 230
4.57584 230
4.57684 230
4.57784 230
4.57884 229
4.57984 229
4.58084 229
4.58184 229
4.58284 229
4.58384 229
4.58484 229
4.58584 229
4.58684 229
4.58784 229
4.58884 229
4.58984 229
4.59084 229
4.59184 229
4.59284 229
4.59384 229
4.59484 229
4.59584 229
4.59684 229
4.59784 229
4.59883 229
4.59983 229
4.60083 229
4.60183 229
4.60283 229
4.60383 229
4.60483 229
4.60583 229
4.60683 228
4.60783 228
4.60883 228
4.60983 228
4.61083 228
4.61183 228
4.61283 228
4.61383 228
4.61483 228
4.61583 228
4.61683 228
4.61783 228
4.61883 228
4.61983 228
4.62083 228
4.62183 228
4.62283 228
4.62383 228
4.62483 228
4.62583 228
4.62683 228
4.62783 228
4.62883 228
4.62983 228
4.63083 228
4.63183 228
4.63283 228
4.63383 228
4.63483 228
4.63583 227
4.63683 227
4.63783 227
4.63883 227
4.63983 227
4.64083 227
4.64183 227
4.64283 227
4.64383 227
4.64483 227
4.64583 227
4.64683 227
4.64783 227
4.64883 227
4.64983 227
4.65083 227
4.65183 227
4.65283 227
4.65383 227
4.65483 227
4.65583 227
4.65683 227
4.65783 227
4.65883 227
4.65983 227
4.66083 227
4.66183 227
4.66283 227
4.66383 227
4.66483 226
4.66583 226
4.66683 226
4.66783 226
4.66883 226
4.66983 226
4.67083 226
4.67183 226
4.67283 226
4.67383 226
4.67483 226
4.67583 226
4.67683 226
4.67783 226
4.67883 226
4.67983 226
4.68083 226
4.68183 226
4.68283 226
4.68383 226
4.68483 226
4.68583 226
4.68683 226
4.68783 226
4.68883 226
4.68983 226
4.69083 226
4.69183 226
4.69283 225
4.69383 225
4.69483 225
4.69583 225
4.69683 225
4.69783 225
4.69883 225
4.69983 225
4.70083 225
4.70183 225
4.70283 225
4.70383 225
4.70483 225
4.70583 225
4.70683 225
4.70783 225
4.70883 225
4.70983 225
4.71083 225
4.71183 225
4.71283 225
4.71383 225
4.71483 225
4.71583 225
4.71683 225
4.71783 225
4.71883 225
4.71983 225
4.72083 225
4.72183 225
4.72283 224
4.72383 224
4.72483 224
4.72583 224
4.72683 224
4.72783 224
4.72883 224
4.72983 224
4.73083 224
4.73183 224
4.73283 224
4.73383 224
4.73483 224
4.73583 224
4.73682 224
4.73782 224
4.73882 224
4.73982 224
4.74082 224
4.74182 224
4.74282 224
4.74382 224
4.74482 224
4.74582 224
4.74682 224
4.74782 224
4.74882 224
4.74982 224
4.75082 224
4.75182 223
4.75282 223
4.75382 223
4.75482 223
4.75582 223
4.75682 223
4.75782 223
4.75882 223
4.75982 223
4.76082 223
4.76182 223
4.76282 223
4.76382 223
4.76482 223
4.76582 223
4.76682 223
4.76782 223
4.76882 223
4.76982 223
4.77082 223
4.77182 223
4.77282 223
4.77382 223
4.77482 223
4.77582 223
4.77682 223
4.77782 223
4.77882 223
4.77982 223
4.78082 223
4.78182 222
4.78282 222
4.78382 222
4.78482 222
4.78582 222
4.78682 222
4.78782 222
4.78882 222
4.78982 222
4.79082 222
4.79182 222
4.79282 222
4.79382 222
4.79482 222
4.79582 222
4.79682 222
4.79782 222
4.79882 222
4.79982 222
4.80082 222
4.80182 222
4.80282 222
4.80382 222
4.80482 222
4.80582 222
4.80682 222
4.80782 222
4.80882 222
4.80982 222
4.81082 222
4.81182 221
4.81282 221
4.81382 221
4.81482 221
4.81582 221
4.81682 221
4.81782 221
4.81882 221
4.81982 221
4.82082 221
4.82182 221
4.82282 221
4.82382 221
4.82482 221
4.82582 221
4.82682 221
4.82782 221
4.82882 221
4.82982 221
4.83082 221
4.83182 221
4.83282 221
4.83382 221
4.83482 221
4.83582 221
4.83682 221
4.83782 221
4.83882 221
4.83982 221
4.84082 220
4.84182 220
4.84282 220
4.84382 220
4.84482 220
4.84582 220
4.84682 220
4.84782 220
4.84882 220
4.84982 220
4.85082 220
4.85182 220
4.85282 220
4.85382 220
4.85482 220
4.85582 220
4.85682 220
4.85782 220
4.85882 220
4.85982 220
4.86082 220
4.86182 220
4.86282 220
4.86382 220
4.86482 220
4.86582 220
4.86682 220
4.86782 220
4.86882 220
4.86982 220
4.87082 220
4.87182 219
4.87282 219
4.87382 219
4.87481 219
4.87581 219
4.87681 219
4.87781 219
4.87881 219
4.87981 219
4.88081 219
4.88181 219
4.88281 219
4.88381 219
4.88481 219
4.88581 219
4.88681 219
4.88781 219
4.88881 219
4.88981 219
4.89081 219
4.89181 219
4.89281 219
4.89381 219
4.89481 219
4.89581 219
4.89681 219
4.89781 219
4.89881 219
4.89981 219
4.90081 218
4.90181 218
4.90281 218
4.90381 218
4.90481 218
4.90581 218
4.90681 218
4.90781 218
4.90881 218
4.90981 218
4.91081 218
4.91181 218
4.91281 218
4.91381 218
4.91481 218
4.91581 218
4.91681 218
4.91781 218
4.91881 218
4.91981 218
4.92081 218
4.92181 218
4.92281 218
4.92381 218
4.92481 218
4.92581 218
4.92681 218
4.92781 218
4.92881 218
4.92981 218
4.93081 218
4.93181 217
4.93281 217
4.93381 217
4.93481 217
4.93581 217
4.93681 217
4.93781 217
4.93881 217
4.93981 217
4.94081 217
4.94181 217
4.94281 217
4.94381 217
4.94481 217
4.94581 217
4.94681 217
4.94781 217
4.94881 217
4.94981 217
4.95081 217
4.95181 217
4.95281 217
4.95381 217
4.95481 217
4.95581 217
4.95681 217
4.95781 217
4.95881 217
4.95981 217
4.96081 217
4.96181 217
4.96281 216
4.96381 216
4.96481 216
4.96581 216
4.96681 216
4.96781 216
4.96881 216
4.96981 216
4.97081 216
4.97181 216
4.97281 216
4.97381 216
4.97481 216
4.97581 216
4.97681 216
4.97781 216
4.97881 216
4.97981 216
4.98081 216
4.98181 216
4.98281 216
4.98381 216
4.98481 216
4.98581 216
4.98681 216
4.98781 216
4.98881 216
4.98981 216
4.99081 216
4.99181 216
4.99281 216
4.99381 216
4.99481 215
4.99581 215
4.99681 215
4.99781 215
4.99881 215
4.99981 215
5.00081 215
